 SVX cage parameters:
  2.20000005
  0.5  0.200000003
  0.
 2
 -39.5  39.5
  18.2000008  18.2000008
  0.  0.  0.
 SVX barrel parameters:
 4
  2.5  5.  10.  14.
  0.  0.  0.  0.
 4 4 5 6
  0.69599998  0.69599998  1.71554995  1.71554995
  0.00999999978  0.00999999978  0.0250000004  0.0250000004
  2.83599997  2.83599997  3.22909999  3.22909999
  0.00749999983  0.00749999983  0.0219999999  0.0219999999
  0.  0.  0.  0.
  28.7150002  14.585  17.4640007  12.5220003
  7.80000019  7.  7.30000019  7.
 2
 5 5
  0.  180.
 2
 10 10
  0.  180.
 2
 9 9
  0.  180.
 2
 13 13
  0.  180.
 SVX barrel sensor rotation matrices and translation vectors
 0 1 1 1
  1.34577894 -2.1068747 -8.50799942
 -0.760717988 -0.649082482  3.58259058E-08
  0.649082601 -0.760718107 -7.76632874E-08
  0.  0.  1.
 0 1 1 2
  1.34577894 -2.1068747 -2.83599949
 -0.760717988 -0.649082482  3.58259058E-08
  0.649082601 -0.760718107 -7.76632874E-08
  0.  0.  1.
 0 1 1 3
  1.34577894 -2.1068747  2.83600044
 -0.760717988 -0.649082482  3.58259058E-08
  0.649082601 -0.760718107 -7.76632874E-08
  0.  0.  1.
 0 1 1 4
  1.34577894 -2.1068747  8.50800037
 -0.760717988 -0.649082482  3.58259058E-08
  0.649082601 -0.760718107 -7.76632874E-08
  0.  0.  1.
 0 1 2 1
  2.19252968 -1.20118856 -8.50799942
 -0.355311573 -0.934747934  2.53578136E-08
  0.934747994 -0.355311662 -1.38078718E-07
  0.  0.  1.
 0 1 2 2
  2.19252968 -1.20118856 -2.83599949
 -0.355311573 -0.934747934  2.53578136E-08
  0.934747994 -0.355311662 -1.38078718E-07
  0.  0.  1.
 0 1 2 3
  2.19252968 -1.20118856  2.83600044
 -0.355311573 -0.934747934  2.53578136E-08
  0.934747994 -0.355311662 -1.38078718E-07
  0.  0.  1.
 0 1 2 4
  2.19252968 -1.20118856  8.50800037
 -0.355311573 -0.934747934  2.53578136E-08
  0.934747994 -0.355311662 -1.38078718E-07
  0.  0.  1.
 0 1 3 1
  2.50000811 -5.91445714E-05 -8.50799942
  0.137487009 -0.990503609 -1.28496893E-08
  0.990503609  0.13748695 -1.86034839E-07
  0.  0.  1.
 0 1 3 2
  2.50000811 -5.91445714E-05 -2.83599973
  0.137487009 -0.990503609 -1.28496893E-08
  0.990503609  0.13748695 -1.86034839E-07
  0.  0.  1.
 0 1 3 3
  2.50000811 -5.91445714E-05  2.8360002
  0.137487009 -0.990503609 -1.28496893E-08
  0.990503609  0.13748695 -1.86034839E-07
  0.  0.  1.
 0 1 3 4
  2.50000811 -5.91445714E-05  8.50800037
  0.137487009 -0.990503609 -1.28496893E-08
  0.990503609  0.13748695 -1.86034839E-07
  0.  0.  1.
 0 1 4 1
  2.19258666  1.20108497 -8.50799942
  0.596469402 -0.802635849 -6.93991282E-08
  0.802635789  0.596469402 -2.09736442E-07
  0.  0.  1.
 0 1 4 2
  2.19258666  1.20108497 -2.83599973
  0.596469402 -0.802635849 -6.93991282E-08
  0.802635789  0.596469402 -2.09736442E-07
  0.  0.  1.
 0 1 4 3
  2.19258666  1.20108497  2.8360002
  0.596469402 -0.802635849 -6.93991282E-08
  0.802635789  0.596469402 -2.09736442E-07
  0.  0.  1.
 0 1 4 4
  2.19258666  1.20108497  8.50800037
  0.596469402 -0.802635849 -6.93991282E-08
  0.802635789  0.596469402 -2.09736442E-07
  0.  0.  1.
 0 1 5 1
  1.34587812  2.10681081 -8.50799942
  0.908744752 -0.417352438 -1.30381665E-07
  0.417352319  0.908744752 -2.03353892E-07
  0.  0.  1.
 0 1 5 2
  1.34587812  2.10681081 -2.83599973
  0.908744752 -0.417352438 -1.30381665E-07
  0.417352319  0.908744752 -2.03353892E-07
  0.  0.  1.
 0 1 5 3
  1.34587812  2.10681081  2.8360002
  0.908744752 -0.417352438 -1.30381665E-07
  0.417352319  0.908744752 -2.03353892E-07
  0.  0.  1.
 0 1 5 4
  1.34587812  2.10681081  8.50800037
  0.908744752 -0.417352438 -1.30381665E-07
  0.417352319  0.908744752 -2.03353892E-07
  0.  0.  1.
 0 1 6 1
 -1.34577882  2.1068747 -8.50799942
  0.760718107  0.649082422 -2.10671459E-07
 -0.649082601  0.760718048 -9.71822587E-08
  0.  0.  1.
 0 1 6 2
 -1.34577882  2.1068747 -2.83599949
  0.760718107  0.649082422 -2.10671459E-07
 -0.649082601  0.760718048 -9.71822587E-08
  0.  0.  1.
 0 1 6 3
 -1.34577882  2.1068747  2.83600044
  0.760718107  0.649082422 -2.10671459E-07
 -0.649082601  0.760718048 -9.71822587E-08
  0.  0.  1.
 0 1 6 4
 -1.34577882  2.1068747  8.50800037
  0.760718107  0.649082422 -2.10671459E-07
 -0.649082601  0.760718048 -9.71822587E-08
  0.  0.  1.
 0 1 7 1
 -2.19252968  1.20118856 -8.50799942
  0.355311602  0.934747934 -2.00203374E-07
 -0.934747934  0.355311722 -3.67668527E-08
  0.  0.  1.
 0 1 7 2
 -2.19252968  1.20118856 -2.83599949
  0.355311602  0.934747934 -2.00203374E-07
 -0.934747934  0.355311722 -3.67668527E-08
  0.  0.  1.
 0 1 7 3
 -2.19252968  1.20118856  2.83600044
  0.355311602  0.934747934 -2.00203374E-07
 -0.934747934  0.355311722 -3.67668527E-08
  0.  0.  1.
 0 1 7 4
 -2.19252968  1.20118856  8.50800037
  0.355311602  0.934747934 -2.00203374E-07
 -0.934747934  0.355311722 -3.67668527E-08
  0.  0.  1.
 0 1 8 1
 -2.50000811  5.8923848E-05 -8.50799942
 -0.137486979  0.990503609 -1.61995871E-07
 -0.990503609 -0.137486979  1.11892966E-08
  0.  0.  1.
 0 1 8 2
 -2.50000811  5.8923848E-05 -2.83599925
 -0.137486979  0.990503609 -1.61995871E-07
 -0.990503609 -0.137486979  1.11892966E-08
  0.  0.  1.
 0 1 8 3
 -2.50000811  5.8923848E-05  2.83600068
 -0.137486979  0.990503609 -1.61995871E-07
 -0.990503609 -0.137486979  1.11892966E-08
  0.  0.  1.
 0 1 8 4
 -2.50000811  5.8923848E-05  8.50800037
 -0.137486979  0.990503609 -1.61995871E-07
 -0.990503609 -0.137486979  1.11892966E-08
  0.  0.  1.
 0 1 9 1
 -2.19258642 -1.20108521 -8.50799942
 -0.596469343  0.802635908 -1.05446439E-07
 -0.802635908 -0.596469283  3.48908884E-08
  0.  0.  1.
 0 1 9 2
 -2.19258642 -1.20108521 -2.83599925
 -0.596469343  0.802635908 -1.05446439E-07
 -0.802635908 -0.596469283  3.48908884E-08
  0.  0.  1.
 0 1 9 3
 -2.19258642 -1.20108521  2.83600068
 -0.596469343  0.802635908 -1.05446439E-07
 -0.802635908 -0.596469283  3.48908884E-08
  0.  0.  1.
 0 1 9 4
 -2.19258642 -1.20108521  8.50800037
 -0.596469343  0.802635908 -1.05446439E-07
 -0.802635908 -0.596469283  3.48908884E-08
  0.  0.  1.
 0 1 10 1
 -1.34587812 -2.10681081 -8.50799942
 -0.908744752  0.417352468 -4.44638992E-08
 -0.417352468 -0.908744693  2.85083317E-08
  0.  0.  1.
 0 1 10 2
 -1.34587812 -2.10681081 -2.83599925
 -0.908744752  0.417352468 -4.44638992E-08
 -0.417352468 -0.908744693  2.85083317E-08
  0.  0.  1.
 0 1 10 3
 -1.34587812 -2.10681081  2.83600068
 -0.908744752  0.417352468 -4.44638992E-08
 -0.417352468 -0.908744693  2.85083317E-08
  0.  0.  1.
 0 1 10 4
 -1.34587812 -2.10681081  8.50800037
 -0.908744752  0.417352468 -4.44638992E-08
 -0.417352468 -0.908744693  2.85083317E-08
  0.  0.  1.
 0 2 1 1
  2.06291676 -4.5546031 -8.50799942
 -0.853425264 -0.521215141  3.27521121E-08
  0.521215439 -0.853425205 -5.8380067E-08
  0.  0.  1.
 0 2 1 2
  2.06291676 -4.5546031 -2.83599925
 -0.853425264 -0.521215141  3.27521121E-08
  0.521215439 -0.853425205 -5.8380067E-08
  0.  0.  1.
 0 2 1 3
  2.06291676 -4.5546031  2.83600068
 -0.853425264 -0.521215141  3.27521121E-08
  0.521215439 -0.853425205 -5.8380067E-08
  0.  0.  1.
 0 2 1 4
  2.06291676 -4.5546031  8.50800037
 -0.853425264 -0.521215141  3.27521121E-08
  0.521215439 -0.853425205 -5.8380067E-08
  0.  0.  1.
 0 2 2 1
  3.14336133 -3.88835621 -8.50799942
 -0.694673359 -0.719325364  3.61929224E-08
  0.719325483 -0.69467324 -8.95779309E-08
  0.  0.  1.
 0 2 2 2
  3.14336133 -3.88835621 -2.83599949
 -0.694673359 -0.719325364  3.61929224E-08
  0.719325483 -0.69467324 -8.95779309E-08
  0.  0.  1.
 0 2 2 3
  3.14336133 -3.88835621  2.83600044
 -0.694673359 -0.719325364  3.61929224E-08
  0.719325483 -0.69467324 -8.95779309E-08
  0.  0.  1.
 0 2 2 4
  3.14336133 -3.88835621  8.50800037
 -0.694673359 -0.719325364  3.61929224E-08
  0.719325483 -0.69467324 -8.95779309E-08
  0.  0.  1.
 0 2 3 1
  4.02121735 -2.97150564 -8.50799942
 -0.491149753 -0.871075094  3.16667084E-08
  0.871075094 -0.491149902 -1.20636884E-07
  0.  0.  1.
 0 2 3 2
  4.02121735 -2.97150564 -2.83599949
 -0.491149753 -0.871075094  3.16667084E-08
  0.871075094 -0.491149902 -1.20636884E-07
  0.  0.  1.
 0 2 3 3
  4.02121735 -2.97150564  2.83600044
 -0.491149753 -0.871075094  3.16667084E-08
  0.871075094 -0.491149902 -1.20636884E-07
  0.  0.  1.
 0 2 3 4
  4.02121735 -2.97150564  8.50800037
 -0.491149753 -0.871075094  3.16667084E-08
  0.871075094 -0.491149902 -1.20636884E-07
  0.  0.  1.
 0 2 4 1
  4.63990641 -1.86314261 -8.50799942
 -0.255971998 -0.966684222  1.94652259E-08
  0.966684222 -0.255972058 -1.49555206E-07
  0.  0.  1.
 0 2 4 2
  4.63990641 -1.86314261 -2.83599973
 -0.255971998 -0.966684222  1.94652259E-08
  0.966684222 -0.255972058 -1.49555206E-07
  0.  0.  1.
 0 2 4 3
  4.63990641 -1.86314261  2.8360002
 -0.255971998 -0.966684222  1.94652259E-08
  0.966684222 -0.255972058 -1.49555206E-07
  0.  0.  1.
 0 2 4 4
  4.63990641 -1.86314261  8.50800037
 -0.255971998 -0.966684222  1.94652259E-08
  0.966684222 -0.255972058 -1.49555206E-07
  0.  0.  1.
 0 2 5 1
  4.95955515 -0.634700298 -8.50799942
 -0.00429672236 -0.999990761  3.74832609E-10
  0.999990761 -0.00429682061 -1.74469108E-07
  0.  0.  1.
 0 2 5 2
  4.95955515 -0.634700298 -2.83599997
 -0.00429672236 -0.999990761  3.74832609E-10
  0.999990761 -0.00429682061 -1.74469108E-07
  0.  0.  1.
 0 2 5 3
  4.95955515 -0.634700298  2.83599997
 -0.00429672236 -0.999990761  3.74832609E-10
  0.999990761 -0.00429682061 -1.74469108E-07
  0.  0.  1.
 0 2 5 4
  4.95955515 -0.634700298  8.50800037
 -0.00429672236 -0.999990761  3.74832609E-10
  0.999990761 -0.00429682061 -1.74469108E-07
  0.  0.  1.
 0 2 6 1
  4.95956182  0.634648204 -8.50800037
  0.247655332 -0.968848228 -2.43740814E-08
  0.968848228  0.247655302 -1.93772905E-07
  0.  0.  1.
 0 2 6 2
  4.95956182  0.634648204 -2.83599997
  0.247655332 -0.968848228 -2.43740814E-08
  0.968848228  0.247655302 -1.93772905E-07
  0.  0.  1.
 0 2 6 3
  4.95956182  0.634648204  2.83599997
  0.247655332 -0.968848228 -2.43740814E-08
  0.968848228  0.247655302 -1.93772905E-07
  0.  0.  1.
 0 2 6 4
  4.95956182  0.634648204  8.50799942
  0.247655332 -0.968848228 -2.43740814E-08
  0.968848228  0.247655302 -1.93772905E-07
  0.  0.  1.
 0 2 7 1
  4.63992596  1.86309385 -8.50800037
  0.483646214 -0.875263691 -5.31864863E-08
  0.875263631  0.483646154 -2.06222438E-07
  0.  0.  1.
 0 2 7 2
  4.63992596  1.86309385 -2.83599997
  0.483646214 -0.875263691 -5.31864863E-08
  0.875263631  0.483646154 -2.06222438E-07
  0.  0.  1.
 0 2 7 3
  4.63992596  1.86309385  2.83599997
  0.483646214 -0.875263691 -5.31864863E-08
  0.875263631  0.483646154 -2.06222438E-07
  0.  0.  1.
 0 2 7 4
  4.63992596  1.86309385  8.50799942
  0.483646214 -0.875263691 -5.31864863E-08
  0.875263631  0.483646154 -2.06222438E-07
  0.  0.  1.
 0 2 8 1
  4.02124786  2.97146368 -8.50800037
  0.688466072 -0.725268602 -8.42053893E-08
  0.725268483  0.688466072 -2.1101539E-07
  0.  0.  1.
 0 2 8 2
  4.02124786  2.97146368 -2.8360002
  0.688466072 -0.725268602 -8.42053893E-08
  0.725268483  0.688466072 -2.1101539E-07
  0.  0.  1.
 0 2 8 3
  4.02124786  2.97146368  2.83599973
  0.688466072 -0.725268602 -8.42053893E-08
  0.725268483  0.688466072 -2.1101539E-07
  0.  0.  1.
 0 2 8 4
  4.02124786  2.97146368  8.50799942
  0.688466072 -0.725268602 -8.42053893E-08
  0.725268483  0.688466072 -2.1101539E-07
  0.  0.  1.
 0 2 9 1
  3.14340138  3.88832331 -8.50800037
  0.848914564 -0.52853018 -1.15431661E-07
  0.528530002  0.848914564 -2.07842817E-07
  0.  0.  1.
 0 2 9 2
  3.14340138  3.88832331 -2.8360002
  0.848914564 -0.52853018 -1.15431661E-07
  0.528530002  0.848914564 -2.07842817E-07
  0.  0.  1.
 0 2 9 3
  3.14340138  3.88832331  2.83599973
  0.848914564 -0.52853018 -1.15431661E-07
  0.528530002  0.848914564 -2.07842817E-07
  0.  0.  1.
 0 2 9 4
  3.14340138  3.88832331  8.50799942
  0.848914564 -0.52853018 -1.15431661E-07
  0.528530002  0.848914564 -2.07842817E-07
  0.  0.  1.
 0 2 10 1
  2.06296349  4.55458164 -8.50800037
  0.9546507 -0.297728091 -1.44852777E-07
  0.297728002  0.9546507 -1.96909212E-07
  0.  0.  1.
 0 2 10 2
  2.06296349  4.55458164 -2.83599997
  0.9546507 -0.297728091 -1.44852777E-07
  0.297728002  0.9546507 -1.96909212E-07
  0.  0.  1.
 0 2 10 3
  2.06296349  4.55458164  2.83599997
  0.9546507 -0.297728091 -1.44852777E-07
  0.297728002  0.9546507 -1.96909212E-07
  0.  0.  1.
 0 2 10 4
  2.06296349  4.55458164  8.50799942
  0.9546507 -0.297728091 -1.44852777E-07
  0.297728002  0.9546507 -1.96909212E-07
  0.  0.  1.
 0 2 11 1
 -2.06291652  4.5546031 -8.50799942
  0.853425205  0.52121526 -2.07597679E-07
 -0.52121526  0.853425324 -1.16465507E-07
  0.  0.  1.
 0 2 11 2
 -2.06291652  4.5546031 -2.83599973
  0.853425205  0.52121526 -2.07597679E-07
 -0.52121526  0.853425324 -1.16465507E-07
  0.  0.  1.
 0 2 11 3
 -2.06291652  4.5546031  2.8360002
  0.853425205  0.52121526 -2.07597679E-07
 -0.52121526  0.853425324 -1.16465507E-07
  0.  0.  1.
 0 2 11 4
 -2.06291652  4.5546031  8.50800037
  0.853425205  0.52121526 -2.07597679E-07
 -0.52121526  0.853425324 -1.16465507E-07
  0.  0.  1.
 0 2 12 1
 -3.14336109  3.88835621 -8.50799942
  0.694673359  0.719325304 -2.11038468E-07
 -0.719325483  0.694673359 -8.52676294E-08
  0.  0.  1.
 0 2 12 2
 -3.14336109  3.88835621 -2.83599949
  0.694673359  0.719325304 -2.11038468E-07
 -0.719325483  0.694673359 -8.52676294E-08
  0.  0.  1.
 0 2 12 3
 -3.14336109  3.88835621  2.83600044
  0.694673359  0.719325304 -2.11038468E-07
 -0.719325483  0.694673359 -8.52676294E-08
  0.  0.  1.
 0 2 12 4
 -3.14336109  3.88835621  8.50800037
  0.694673359  0.719325304 -2.11038468E-07
 -0.719325483  0.694673359 -8.52676294E-08
  0.  0.  1.
 0 2 13 1
 -4.02121687  2.97150636 -8.50799942
  0.491149992  0.871074975 -2.06512283E-07
 -0.871075034  0.491150022 -5.42086767E-08
  0.  0.  1.
 0 2 13 2
 -4.02121687  2.97150636 -2.83599949
  0.491149992  0.871074975 -2.06512283E-07
 -0.871075034  0.491150022 -5.42086767E-08
  0.  0.  1.
 0 2 13 3
 -4.02121687  2.97150636  2.83600044
  0.491149992  0.871074975 -2.06512283E-07
 -0.871075034  0.491150022 -5.42086767E-08
  0.  0.  1.
 0 2 13 4
 -4.02121687  2.97150636  8.50800037
  0.491149992  0.871074975 -2.06512283E-07
 -0.871075034  0.491150022 -5.42086767E-08
  0.  0.  1.
 0 2 14 1
 -4.63990593  1.86314368 -8.50799942
  0.255972117  0.966684163 -1.94310786E-07
 -0.966684163  0.255972266 -2.52903725E-08
  0.  0.  1.
 0 2 14 2
 -4.63990593  1.86314368 -2.83599925
  0.255972117  0.966684163 -1.94310786E-07
 -0.966684163  0.255972266 -2.52903725E-08
  0.  0.  1.
 0 2 14 3
 -4.63990593  1.86314368  2.83600068
  0.255972117  0.966684163 -1.94310786E-07
 -0.966684163  0.255972266 -2.52903725E-08
  0.  0.  1.
 0 2 14 4
 -4.63990593  1.86314368  8.50800037
  0.255972117  0.966684163 -1.94310786E-07
 -0.966684163  0.255972266 -2.52903725E-08
  0.  0.  1.
 0 2 15 1
 -4.95955467  0.634701967 -8.50799942
  0.0042968737  0.999990761 -1.75220407E-07
 -0.999990761  0.0042968737 -3.76452647E-10
  0.  0.  1.
 0 2 15 2
 -4.95955467  0.634701967 -2.83599901
  0.0042968737  0.999990761 -1.75220407E-07
 -0.999990761  0.0042968737 -3.76452647E-10
  0.  0.  1.
 0 2 15 3
 -4.95955467  0.634701967  2.83600092
  0.0042968737  0.999990761 -1.75220407E-07
 -0.999990761  0.0042968737 -3.76452647E-10
  0.  0.  1.
 0 2 15 4
 -4.95955467  0.634701967  8.50800037
  0.0042968737  0.999990761 -1.75220407E-07
 -0.999990761  0.0042968737 -3.76452647E-10
  0.  0.  1.
 0 2 16 1
 -4.95956182 -0.634646118 -8.50799847
 -0.247655183  0.968848288 -1.50471493E-07
 -0.968848228 -0.247655436  1.89273521E-08
  0.  0.  1.
 0 2 16 2
 -4.95956182 -0.634646118 -2.83599901
 -0.247655183  0.968848288 -1.50471493E-07
 -0.968848228 -0.247655436  1.89273521E-08
  0.  0.  1.
 0 2 16 3
 -4.95956182 -0.634646118  2.83600092
 -0.247655183  0.968848288 -1.50471493E-07
 -0.968848228 -0.247655436  1.89273521E-08
  0.  0.  1.
 0 2 16 4
 -4.95956182 -0.634646118  8.50800133
 -0.247655183  0.968848288 -1.50471493E-07
 -0.968848228 -0.247655436  1.89273521E-08
  0.  0.  1.
 0 2 17 1
 -4.63992691 -1.86309147 -8.50799847
 -0.483646095  0.875263751 -1.21659099E-07
 -0.875263691 -0.483645916  3.1376878E-08
  0.  0.  1.
 0 2 17 2
 -4.63992691 -1.86309147 -2.83599901
 -0.483646095  0.875263751 -1.21659099E-07
 -0.875263691 -0.483645916  3.1376878E-08
  0.  0.  1.
 0 2 17 3
 -4.63992691 -1.86309147  2.83600092
 -0.483646095  0.875263751 -1.21659099E-07
 -0.875263691 -0.483645916  3.1376878E-08
  0.  0.  1.
 0 2 17 4
 -4.63992691 -1.86309147  8.50800133
 -0.483646095  0.875263751 -1.21659099E-07
 -0.875263691 -0.483645916  3.1376878E-08
  0.  0.  1.
 0 2 18 1
 -4.02124977 -2.97146082 -8.50799847
 -0.688466132  0.725268543 -9.06401496E-08
 -0.725268483 -0.688466072  3.61698369E-08
  0.  0.  1.
 0 2 18 2
 -4.02124977 -2.97146082 -2.83599877
 -0.688466132  0.725268543 -9.06401496E-08
 -0.725268483 -0.688466072  3.61698369E-08
  0.  0.  1.
 0 2 18 3
 -4.02124977 -2.97146082  2.83600116
 -0.688466132  0.725268543 -9.06401496E-08
 -0.725268483 -0.688466072  3.61698369E-08
  0.  0.  1.
 0 2 18 4
 -4.02124977 -2.97146082  8.50800133
 -0.688466132  0.725268543 -9.06401496E-08
 -0.725268483 -0.688466072  3.61698369E-08
  0.  0.  1.
 0 2 19 1
 -3.14340448 -3.88832092 -8.50799847
 -0.848914683  0.528530002 -5.94138605E-08
 -0.528529942 -0.848914623  3.29972636E-08
  0.  0.  1.
 0 2 19 2
 -3.14340448 -3.88832092 -2.83599877
 -0.848914683  0.528530002 -5.94138605E-08
 -0.528529942 -0.848914623  3.29972636E-08
  0.  0.  1.
 0 2 19 3
 -3.14340448 -3.88832092  2.83600116
 -0.848914683  0.528530002 -5.94138605E-08
 -0.528529942 -0.848914623  3.29972636E-08
  0.  0.  1.
 0 2 19 4
 -3.14340448 -3.88832092  8.50800133
 -0.848914683  0.528530002 -5.94138605E-08
 -0.528529942 -0.848914623  3.29972636E-08
  0.  0.  1.
 0 2 20 1
 -2.06296754 -4.55457973 -8.50799847
 -0.954650819  0.297727734 -2.99927372E-08
 -0.297727942 -0.95465076  2.20636522E-08
  0.  0.  1.
 0 2 20 2
 -2.06296754 -4.55457973 -2.83599901
 -0.954650819  0.297727734 -2.99927372E-08
 -0.297727942 -0.95465076  2.20636522E-08
  0.  0.  1.
 0 2 20 3
 -2.06296754 -4.55457973  2.83600092
 -0.954650819  0.297727734 -2.99927372E-08
 -0.297727942 -0.95465076  2.20636522E-08
  0.  0.  1.
 0 2 20 4
 -2.06296754 -4.55457973  8.50800133
 -0.954650819  0.297727734 -2.99927372E-08
 -0.297727942 -0.95465076  2.20636522E-08
  0.  0.  1.
 0 3 1 1
  3.44370079 -9.38835621 -12.916399
 -0.886893153 -0.461974502  3.04989811E-08
  0.461974591 -0.886893272 -5.02752044E-08
  0.  0.  1.
 0 3 1 2
  3.44370079 -9.38835621 -6.4581995
 -0.886893153 -0.461974502  3.04989811E-08
  0.461974591 -0.886893272 -5.02752044E-08
  0.  0.  1.
 0 3 1 3
  3.44370079 -9.38835621  5.23977747E-07
 -0.886893153 -0.461974502  3.04989811E-08
  0.461974591 -0.886893272 -5.02752044E-08
  0.  0.  1.
 0 3 1 4
  3.44370079 -9.38835621  6.45820045
 -0.886893153 -0.461974502  3.04989811E-08
  0.461974591 -0.886893272 -5.02752044E-08
  0.  0.  1.
 0 3 1 5
  3.44370079 -9.38835621  12.9164009
 -0.886893153 -0.461974502  3.04989811E-08
  0.461974591 -0.886893272 -5.02752044E-08
  0.  0.  1.
 0 3 2 1
  6.10247278 -7.92213058 -12.9164
 -0.707370877 -0.706842542  3.62116879E-08
  0.706842661 -0.707370877 -8.73765913E-08
  0.  0.  1.
 0 3 2 2
  6.10247278 -7.92213058 -6.45819998
 -0.707370877 -0.706842542  3.62116879E-08
  0.706842661 -0.707370877 -8.73765913E-08
  0.  0.  1.
 0 3 2 3
  6.10247278 -7.92213058  1.63358905E-07
 -0.707370877 -0.706842542  3.62116879E-08
  0.706842661 -0.707370877 -8.73765913E-08
  0.  0.  1.
 0 3 2 4
  6.10247278 -7.92213058  6.45819998
 -0.707370877 -0.706842542  3.62116879E-08
  0.706842661 -0.707370877 -8.73765913E-08
  0.  0.  1.
 0 3 2 5
  6.10247278 -7.92213058  12.9164
 -0.707370877 -0.706842542  3.62116879E-08
  0.706842661 -0.707370877 -8.73765913E-08
  0.  0.  1.
 0 3 3 1
  8.19866657 -5.72557354 -12.9164
 -0.462637007 -0.886547804  3.05267136E-08
  0.886547863 -0.462637067 -1.24482227E-07
  0.  0.  1.
 0 3 3 2
  8.19866657 -5.72557354 -6.45819998
 -0.462637007 -0.886547804  3.05267136E-08
  0.886547863 -0.462637067 -1.24482227E-07
  0.  0.  1.
 0 3 3 3
  8.19866657 -5.72557354 -2.11925212E-07
 -0.462637007 -0.886547804  3.05267136E-08
  0.886547863 -0.462637067 -1.24482227E-07
  0.  0.  1.
 0 3 3 4
  8.19866657 -5.72557354  6.45819998
 -0.462637007 -0.886547804  3.05267136E-08
  0.886547863 -0.462637067 -1.24482227E-07
  0.  0.  1.
 0 3 3 5
  8.19866657 -5.72557354  12.9164
 -0.462637007 -0.886547804  3.05267136E-08
  0.886547863 -0.462637067 -1.24482227E-07
  0.  0.  1.
 0 3 4 1
  9.5390358 -3.00118375 -12.9164009
 -0.175253183 -0.984523416  1.39681156E-08
  0.984523416 -0.175253272 -1.58171417E-07
  0.  0.  1.
 0 3 4 2
  9.5390358 -3.00118375 -6.45820045
 -0.175253183 -0.984523416  1.39681156E-08
  0.984523416 -0.175253272 -1.58171417E-07
  0.  0.  1.
 0 3 4 3
  9.5390358 -3.00118375 -5.67277823E-07
 -0.175253183 -0.984523416  1.39681156E-08
  0.984523416 -0.175253272 -1.58171417E-07
  0.  0.  1.
 0 3 4 4
  9.5390358 -3.00118375  6.4581995
 -0.175253183 -0.984523416  1.39681156E-08
  0.984523416 -0.175253272 -1.58171417E-07
  0.  0.  1.
 0 3 4 5
  9.5390358 -3.00118375  12.916399
 -0.175253183 -0.984523416  1.39681156E-08
  0.984523416 -0.175253272 -1.58171417E-07
  0.  0.  1.
 0 3 5 1
  10.0000162 -0.000119355507 -12.9164009
  0.128286898 -0.991737127 -1.19375514E-08
  0.991737127  0.128286868 -1.85338394E-07
  0.  0.  1.
 0 3 5 2
  10.0000162 -0.000119355507 -6.45820093
  0.128286898 -0.991737127 -1.19375514E-08
  0.991737127  0.128286868 -1.85338394E-07
  0.  0.  1.
 0 3 5 3
  10.0000162 -0.000119355507 -8.69939356E-07
  0.128286898 -0.991737127 -1.19375514E-08
  0.991737127  0.128286868 -1.85338394E-07
  0.  0.  1.
 0 3 5 4
  10.0000162 -0.000119355507  6.45819902
  0.128286898 -0.991737127 -1.19375514E-08
  0.991737127  0.128286868 -1.85338394E-07
  0.  0.  1.
 0 3 5 5
  10.0000162 -0.000119355507  12.916399
  0.128286898 -0.991737127 -1.19375514E-08
  0.991737127  0.128286868 -1.85338394E-07
  0.  0.  1.
 0 3 6 1
  9.53910828  3.00095606 -12.9164009
  0.420000494 -0.90752393 -4.48021176E-08
  0.90752387  0.420000404 -2.03478635E-07
  0.  0.  1.
 0 3 6 2
  9.53910828  3.00095606 -6.45820093
  0.420000494 -0.90752393 -4.48021176E-08
  0.90752387  0.420000404 -2.03478635E-07
  0.  0.  1.
 0 3 6 3
  9.53910828  3.00095606 -1.09200778E-06
  0.420000494 -0.90752393 -4.48021176E-08
  0.90752387  0.420000404 -2.03478635E-07
  0.  0.  1.
 0 3 6 4
  9.53910828  3.00095606  6.45819902
  0.420000494 -0.90752393 -4.48021176E-08
  0.90752387  0.420000404 -2.03478635E-07
  0.  0.  1.
 0 3 6 5
  9.53910828  3.00095606  12.916399
  0.420000494 -0.90752393 -4.48021176E-08
  0.90752387  0.420000404 -2.03478635E-07
  0.  0.  1.
 0 3 7 1
  8.19880199  5.72537756 -12.9164009
  0.672994673 -0.739647388 -8.15958074E-08
  0.739647388  0.672994614 -2.10919865E-07
  0.  0.  1.
 0 3 7 2
  8.19880199  5.72537756 -6.45820141
  0.672994673 -0.739647388 -8.15958074E-08
  0.739647388  0.672994614 -2.10919865E-07
  0.  0.  1.
 0 3 7 3
  8.19880199  5.72537756 -1.21301127E-06
  0.672994673 -0.739647388 -8.15958074E-08
  0.739647388  0.672994614 -2.10919865E-07
  0.  0.  1.
 0 3 7 4
  8.19880199  5.72537756  6.45819855
  0.672994673 -0.739647388 -8.15958074E-08
  0.739647388  0.672994614 -2.10919865E-07
  0.  0.  1.
 0 3 7 5
  8.19880199  5.72537756  12.916399
  0.672994673 -0.739647388 -8.15958074E-08
  0.739647388  0.672994614 -2.10919865E-07
  0.  0.  1.
 0 3 8 1
  6.10266066  7.92198467 -12.9164009
  0.863946438 -0.503583789 -1.18926671E-07
  0.503583729  0.863946378 -2.06976068E-07
  0.  0.  1.
 0 3 8 2
  6.10266066  7.92198467 -6.45820141
  0.863946438 -0.503583789 -1.18926671E-07
  0.503583729  0.863946378 -2.06976068E-07
  0.  0.  1.
 0 3 8 3
  6.10266066  7.92198467 -1.22179415E-06
  0.863946438 -0.503583789 -1.18926671E-07
  0.503583729  0.863946378 -2.06976068E-07
  0.  0.  1.
 0 3 8 4
  6.10266066  7.92198467  6.45819855
  0.863946438 -0.503583789 -1.18926671E-07
  0.503583729  0.863946378 -2.06976068E-07
  0.  0.  1.
 0 3 8 5
  6.10266066  7.92198467  12.916399
  0.863946438 -0.503583789 -1.18926671E-07
  0.503583729  0.863946378 -2.06976068E-07
  0.  0.  1.
 0 3 9 1
  3.44392347  9.38827515 -12.9164009
  0.975252151 -0.221095547 -1.53353241E-07
  0.221095517  0.975252151 -1.92010816E-07
  0.  0.  1.
 0 3 9 2
  3.44392347  9.38827515 -6.45820093
  0.975252151 -0.221095547 -1.53353241E-07
  0.221095517  0.975252151 -1.92010816E-07
  0.  0.  1.
 0 3 9 3
  3.44392347  9.38827515 -1.11754719E-06
  0.975252151 -0.221095547 -1.53353241E-07
  0.221095517  0.975252151 -1.92010816E-07
  0.  0.  1.
 0 3 9 4
  3.44392347  9.38827515  6.45819902
  0.975252151 -0.221095547 -1.53353241E-07
  0.221095517  0.975252151 -1.92010816E-07
  0.  0.  1.
 0 3 9 5
  3.44392347  9.38827515  12.916399
  0.975252151 -0.221095547 -1.53353241E-07
  0.221095517  0.975252151 -1.92010816E-07
  0.  0.  1.
 0 3 10 1
 -3.44370055  9.38835621 -12.9164009
  0.886893213  0.461974412 -2.05344548E-07
 -0.461974651  0.886893213 -1.24570334E-07
  0.  0.  1.
 0 3 10 2
 -3.44370055  9.38835621 -6.45820045
  0.886893213  0.461974412 -2.05344548E-07
 -0.461974651  0.886893213 -1.24570334E-07
  0.  0.  1.
 0 3 10 3
 -3.44370055  9.38835621 -5.1541906E-07
  0.886893213  0.461974412 -2.05344548E-07
 -0.461974651  0.886893213 -1.24570334E-07
  0.  0.  1.
 0 3 10 4
 -3.44370055  9.38835621  6.4581995
  0.886893213  0.461974412 -2.05344548E-07
 -0.461974651  0.886893213 -1.24570334E-07
  0.  0.  1.
 0 3 10 5
 -3.44370055  9.38835621  12.916399
  0.886893213  0.461974412 -2.05344548E-07
 -0.461974651  0.886893213 -1.24570334E-07
  0.  0.  1.
 0 3 11 1
 -6.10247278  7.92213058 -12.9164
  0.707370996  0.706842482 -2.11057255E-07
 -0.706842542  0.707371056 -8.74689903E-08
  0.  0.  1.
 0 3 11 2
 -6.10247278  7.92213058 -6.45819998
  0.707370996  0.706842482 -2.11057255E-07
 -0.706842542  0.707371056 -8.74689903E-08
  0.  0.  1.
 0 3 11 3
 -6.10247278  7.92213058 -1.54800205E-07
  0.707370996  0.706842482 -2.11057255E-07
 -0.706842542  0.707371056 -8.74689903E-08
  0.  0.  1.
 0 3 11 4
 -6.10247278  7.92213058  6.45819998
  0.707370996  0.706842482 -2.11057255E-07
 -0.706842542  0.707371056 -8.74689903E-08
  0.  0.  1.
 0 3 11 5
 -6.10247278  7.92213058  12.9164
  0.707370996  0.706842482 -2.11057255E-07
 -0.706842542  0.707371056 -8.74689903E-08
  0.  0.  1.
 0 3 12 1
 -8.19866657  5.72557354 -12.9164
  0.462637126  0.886547685 -2.0537226E-07
 -0.886547744  0.462637246 -5.03633437E-08
  0.  0.  1.
 0 3 12 2
 -8.19866657  5.72557354 -6.45819998
  0.462637126  0.886547685 -2.0537226E-07
 -0.886547744  0.462637246 -5.03633437E-08
  0.  0.  1.
 0 3 12 3
 -8.19866657  5.72557354  2.20483898E-07
  0.462637126  0.886547685 -2.0537226E-07
 -0.886547744  0.462637246 -5.03633437E-08
  0.  0.  1.
 0 3 12 4
 -8.19866657  5.72557354  6.45819998
  0.462637126  0.886547685 -2.0537226E-07
 -0.886547744  0.462637246 -5.03633437E-08
  0.  0.  1.
 0 3 12 5
 -8.19866657  5.72557354  12.9164
  0.462637126  0.886547685 -2.0537226E-07
 -0.886547744  0.462637246 -5.03633437E-08
  0.  0.  1.
 0 3 13 1
 -9.5390358  3.00118423 -12.916399
  0.175253436  0.984523356 -1.88813686E-07
 -0.984523356  0.17525357 -1.66741607E-08
  0.  0.  1.
 0 3 13 2
 -9.5390358  3.00118423 -6.4581995
  0.175253436  0.984523356 -1.88813686E-07
 -0.984523356  0.17525357 -1.66741607E-08
  0.  0.  1.
 0 3 13 3
 -9.5390358  3.00118423  5.75836452E-07
  0.175253436  0.984523356 -1.88813686E-07
 -0.984523356  0.17525357 -1.66741607E-08
  0.  0.  1.
 0 3 13 4
 -9.5390358  3.00118423  6.45820045
  0.175253436  0.984523356 -1.88813686E-07
 -0.984523356  0.17525357 -1.66741607E-08
  0.  0.  1.
 0 3 13 5
 -9.5390358  3.00118423  12.9164009
  0.175253436  0.984523356 -1.88813686E-07
 -0.984523356  0.17525357 -1.66741607E-08
  0.  0.  1.
 0 3 14 1
 -10.0000162  0.000119642355 -12.916399
 -0.128286645  0.991737187 -1.62908037E-07
 -0.991737187 -0.128286526  1.04928048E-08
  0.  0.  1.
 0 3 14 2
 -10.0000162  0.000119642355 -6.45819902
 -0.128286645  0.991737187 -1.62908037E-07
 -0.991737187 -0.128286526  1.04928048E-08
  0.  0.  1.
 0 3 14 3
 -10.0000162  0.000119642355  8.78497985E-07
 -0.128286645  0.991737187 -1.62908037E-07
 -0.991737187 -0.128286526  1.04928048E-08
  0.  0.  1.
 0 3 14 4
 -10.0000162  0.000119642355  6.45820093
 -0.128286645  0.991737187 -1.62908037E-07
 -0.991737187 -0.128286526  1.04928048E-08
  0.  0.  1.
 0 3 14 5
 -10.0000162  0.000119642355  12.9164009
 -0.128286645  0.991737187 -1.62908037E-07
 -0.991737187 -0.128286526  1.04928048E-08
  0.  0.  1.
 0 3 15 1
 -9.53910828 -3.00095606 -12.916399
 -0.420000136  0.907524109 -1.30043475E-07
 -0.90752399 -0.420000255  2.86330817E-08
  0.  0.  1.
 0 3 15 2
 -9.53910828 -3.00095606 -6.45819902
 -0.420000136  0.907524109 -1.30043475E-07
 -0.90752399 -0.420000255  2.86330817E-08
  0.  0.  1.
 0 3 15 3
 -9.53910828 -3.00095606  1.10056646E-06
 -0.420000136  0.907524109 -1.30043475E-07
 -0.90752399 -0.420000255  2.86330817E-08
  0.  0.  1.
 0 3 15 4
 -9.53910828 -3.00095606  6.45820093
 -0.420000136  0.907524109 -1.30043475E-07
 -0.90752399 -0.420000255  2.86330817E-08
  0.  0.  1.
 0 3 15 5
 -9.53910828 -3.00095606  12.9164009
 -0.420000136  0.907524109 -1.30043475E-07
 -0.90752399 -0.420000255  2.86330817E-08
  0.  0.  1.
 0 3 16 1
 -8.19880199 -5.72537756 -12.916399
 -0.672994614  0.739647508 -9.3249767E-08
 -0.739647508 -0.672994554  3.60743044E-08
  0.  0.  1.
 0 3 16 2
 -8.19880199 -5.72537756 -6.45819855
 -0.672994614  0.739647508 -9.3249767E-08
 -0.739647508 -0.672994554  3.60743044E-08
  0.  0.  1.
 0 3 16 3
 -8.19880199 -5.72537756  1.22156996E-06
 -0.672994614  0.739647508 -9.3249767E-08
 -0.739647508 -0.672994554  3.60743044E-08
  0.  0.  1.
 0 3 16 4
 -8.19880199 -5.72537756  6.45820141
 -0.672994614  0.739647508 -9.3249767E-08
 -0.739647508 -0.672994554  3.60743044E-08
  0.  0.  1.
 0 3 16 5
 -8.19880199 -5.72537756  12.9164009
 -0.672994614  0.739647508 -9.3249767E-08
 -0.739647508 -0.672994554  3.60743044E-08
  0.  0.  1.
 0 3 17 1
 -6.10266161 -7.92198372 -12.916399
 -0.863946378  0.503583908 -5.59188962E-08
 -0.50358361 -0.863946438  3.21305009E-08
  0.  0.  1.
 0 3 17 2
 -6.10266161 -7.92198372 -6.45819855
 -0.863946378  0.503583908 -5.59188962E-08
 -0.50358361 -0.863946438  3.21305009E-08
  0.  0.  1.
 0 3 17 3
 -6.10266161 -7.92198372  1.23035284E-06
 -0.863946378  0.503583908 -5.59188962E-08
 -0.50358361 -0.863946438  3.21305009E-08
  0.  0.  1.
 0 3 17 4
 -6.10266161 -7.92198372  6.45820141
 -0.863946378  0.503583908 -5.59188962E-08
 -0.50358361 -0.863946438  3.21305009E-08
  0.  0.  1.
 0 3 17 5
 -6.10266161 -7.92198372  12.9164009
 -0.863946378  0.503583908 -5.59188962E-08
 -0.50358361 -0.863946438  3.21305009E-08
  0.  0.  1.
 0 3 18 1
 -3.44392371 -9.38827515 -12.916399
 -0.975252151  0.221095607 -2.1492319E-08
 -0.221095324 -0.975252211  1.71652559E-08
  0.  0.  1.
 0 3 18 2
 -3.44392371 -9.38827515 -6.45819902
 -0.975252151  0.221095607 -2.1492319E-08
 -0.221095324 -0.975252211  1.71652559E-08
  0.  0.  1.
 0 3 18 3
 -3.44392371 -9.38827515  1.12610587E-06
 -0.975252151  0.221095607 -2.1492319E-08
 -0.221095324 -0.975252211  1.71652559E-08
  0.  0.  1.
 0 3 18 4
 -3.44392371 -9.38827515  6.45820093
 -0.975252151  0.221095607 -2.1492319E-08
 -0.221095324 -0.975252211  1.71652559E-08
  0.  0.  1.
 0 3 18 5
 -3.44392371 -9.38827515  12.9164009
 -0.975252151  0.221095607 -2.1492319E-08
 -0.221095324 -0.975252211  1.71652559E-08
  0.  0.  1.
 0 4 1 1
  3.59222579 -13.5313034 -16.1455002
 -0.927728832 -0.373254776  2.63128328E-08
  0.373254925 -0.927728891 -3.89491177E-08
  0.  0.  1.
 0 4 1 2
  3.59222579 -13.5313034 -9.68729877
 -0.927728832 -0.373254776  2.63128328E-08
  0.373254925 -0.927728891 -3.89491177E-08
  0.  0.  1.
 0 4 1 3
  3.59222579 -13.5313034 -3.2290988
 -0.927728832 -0.373254776  2.63128328E-08
  0.373254925 -0.927728891 -3.89491177E-08
  0.  0.  1.
 0 4 1 4
  3.59222579 -13.5313034  3.22910118
 -0.927728832 -0.373254776  2.63128328E-08
  0.373254925 -0.927728891 -3.89491177E-08
  0.  0.  1.
 0 4 1 5
  3.59222579 -13.5313034  9.68730068
 -0.927728832 -0.373254776  2.63128328E-08
  0.373254925 -0.927728891 -3.89491177E-08
  0.  0.  1.
 0 4 1 6
  3.59222579 -13.5313034  16.1455002
 -0.927728832 -0.373254776  2.63128328E-08
  0.373254925 -0.927728891 -3.89491177E-08
  0.  0.  1.
 0 4 2 1
  6.44055843 -12.4305859 -16.1455002
 -0.824733734 -0.56552124  3.41171713E-08
  0.5655213 -0.824733794 -6.47616929E-08
  0.  0.  1.
 0 4 2 2
  6.44055843 -12.4305859 -9.68729877
 -0.824733734 -0.56552124  3.41171713E-08
  0.5655213 -0.824733794 -6.47616929E-08
  0.  0.  1.
 0 4 2 3
  6.44055843 -12.4305859 -3.22909927
 -0.824733734 -0.56552124  3.41171713E-08
  0.5655213 -0.824733794 -6.47616929E-08
  0.  0.  1.
 0 4 2 4
  6.44055843 -12.4305859  3.2291007
 -0.824733734 -0.56552124  3.41171713E-08
  0.5655213 -0.824733794 -6.47616929E-08
  0.  0.  1.
 0 4 2 5
  6.44055843 -12.4305859  9.68730068
 -0.824733734 -0.56552124  3.41171713E-08
  0.5655213 -0.824733794 -6.47616929E-08
  0.  0.  1.
 0 4 2 6
  6.44055843 -12.4305859  16.1455002
 -0.824733734 -0.56552124  3.41171713E-08
  0.5655213 -0.824733794 -6.47616929E-08
  0.  0.  1.
 0 4 3 1
  8.98248768 -10.7384911 -16.1455002
 -0.682502389 -0.7308833  3.61393262E-08
  0.73088342 -0.682502389 -9.16523675E-08
  0.  0.  1.
 0 4 3 2
  8.98248768 -10.7384911 -9.68729973
 -0.682502389 -0.7308833  3.61393262E-08
  0.73088342 -0.682502389 -9.16523675E-08
  0.  0.  1.
 0 4 3 3
  8.98248768 -10.7384911 -3.22909951
 -0.682502389 -0.7308833  3.61393262E-08
  0.73088342 -0.682502389 -9.16523675E-08
  0.  0.  1.
 0 4 3 4
  8.98248768 -10.7384911  3.22910047
 -0.682502389 -0.7308833  3.61393262E-08
  0.73088342 -0.682502389 -9.16523675E-08
  0.  0.  1.
 0 4 3 5
  8.98248768 -10.7384911  9.68729973
 -0.682502389 -0.7308833  3.61393262E-08
  0.73088342 -0.682502389 -9.16523675E-08
  0.  0.  1.
 0 4 3 6
  8.98248768 -10.7384911  16.1455002
 -0.682502389 -0.7308833  3.61393262E-08
  0.73088342 -0.682502389 -9.16523675E-08
  0.  0.  1.
 0 4 4 1
  11.0970802 -8.53552055 -16.1455002
 -0.507801473 -0.861474156  3.22831042E-08
  0.861474156 -0.507801473 -1.18341809E-07
  0.  0.  1.
 0 4 4 2
  11.0970802 -8.53552055 -9.68729973
 -0.507801473 -0.861474156  3.22831042E-08
  0.861474156 -0.507801473 -1.18341809E-07
  0.  0.  1.
 0 4 4 3
  11.0970802 -8.53552055 -3.22909999
 -0.507801473 -0.861474156  3.22831042E-08
  0.861474156 -0.507801473 -1.18341809E-07
  0.  0.  1.
 0 4 4 4
  11.0970802 -8.53552055  3.22909999
 -0.507801473 -0.861474156  3.22831042E-08
  0.861474156 -0.507801473 -1.18341809E-07
  0.  0.  1.
 0 4 4 5
  11.0970802 -8.53552055  9.68729973
 -0.507801473 -0.861474156  3.22831042E-08
  0.861474156 -0.507801473 -1.18341809E-07
  0.  0.  1.
 0 4 4 6
  11.0970802 -8.53552055  16.1455002
 -0.507801473 -0.861474156  3.22831042E-08
  0.861474156 -0.507801473 -1.18341809E-07
  0.  0.  1.
 0 4 5 1
  12.6837358 -5.92647696 -16.1455002
 -0.308942229 -0.951080799  2.2731939E-08
  0.951080799 -0.308942258 -1.435603E-07
  0.  0.  1.
 0 4 5 2
  12.6837358 -5.92647696 -9.68730068
 -0.308942229 -0.951080799  2.2731939E-08
  0.951080799 -0.308942258 -1.435603E-07
  0.  0.  1.
 0 4 5 3
  12.6837358 -5.92647696 -3.22910047
 -0.308942229 -0.951080799  2.2731939E-08
  0.951080799 -0.308942258 -1.435603E-07
  0.  0.  1.
 0 4 5 4
  12.6837358 -5.92647696  3.22909951
 -0.308942229 -0.951080799  2.2731939E-08
  0.951080799 -0.308942258 -1.435603E-07
  0.  0.  1.
 0 4 5 5
  12.6837358 -5.92647696  9.68729877
 -0.308942229 -0.951080799  2.2731939E-08
  0.951080799 -0.308942258 -1.435603E-07
  0.  0.  1.
 0 4 5 6
  12.6837358 -5.92647696  16.1455002
 -0.308942229 -0.951080799  2.2731939E-08
  0.951080799 -0.308942258 -1.435603E-07
  0.  0.  1.
 0 4 6 1
  13.6669703 -3.03548574 -16.1455002
 -0.0953852236 -0.995440423  7.94023691E-09
  0.995440423 -0.0953852385 -1.66108094E-07
  0.  0.  1.
 0 4 6 2
  13.6669703 -3.03548574 -9.68730068
 -0.0953852236 -0.995440423  7.94023691E-09
  0.995440423 -0.0953852385 -1.66108094E-07
  0.  0.  1.
 0 4 6 3
  13.6669703 -3.03548574 -3.2291007
 -0.0953852236 -0.995440423  7.94023691E-09
  0.995440423 -0.0953852385 -1.66108094E-07
  0.  0.  1.
 0 4 6 4
  13.6669703 -3.03548574  3.22909927
 -0.0953852236 -0.995440423  7.94023691E-09
  0.995440423 -0.0953852385 -1.66108094E-07
  0.  0.  1.
 0 4 6 5
  13.6669703 -3.03548574  9.68729877
 -0.0953852236 -0.995440423  7.94023691E-09
  0.995440423 -0.0953852385 -1.66108094E-07
  0.  0.  1.
 0 4 6 6
  13.6669703 -3.03548574  16.1455002
 -0.0953852236 -0.995440423  7.94023691E-09
  0.995440423 -0.0953852385 -1.66108094E-07
  0.  0.  1.
 0 4 7 1
  14.0000095 -8.28821212E-05 -16.1455021
  0.122709684 -0.992442608 -1.13883019E-08
  0.992442608  0.122709654 -1.84912494E-07
  0.  0.  1.
 0 4 7 2
  14.0000095 -8.28821212E-05 -9.68730068
  0.122709684 -0.992442608 -1.13883019E-08
  0.992442608  0.122709654 -1.84912494E-07
  0.  0.  1.
 0 4 7 3
  14.0000095 -8.28821212E-05 -3.22910094
  0.122709684 -0.992442608 -1.13883019E-08
  0.992442608  0.122709654 -1.84912494E-07
  0.  0.  1.
 0 4 7 4
  14.0000095 -8.28821212E-05  3.22909904
  0.122709684 -0.992442608 -1.13883019E-08
  0.992442608  0.122709654 -1.84912494E-07
  0.  0.  1.
 0 4 7 5
  14.0000095 -8.28821212E-05  9.68729877
  0.122709684 -0.992442608 -1.13883019E-08
  0.992442608  0.122709654 -1.84912494E-07
  0.  0.  1.
 0 4 7 6
  14.0000095 -8.28821212E-05  16.1454983
  0.122709684 -0.992442608 -1.13883019E-08
  0.992442608  0.122709654 -1.84912494E-07
  0.  0.  1.
 0 4 8 1
  13.6670065  3.03532386 -16.1455021
  0.334966749 -0.942229986 -3.43341284E-08
  0.942229986  0.334966689 -1.99078869E-07
  0.  0.  1.
 0 4 8 2
  13.6670065  3.03532386 -9.68730164
  0.334966749 -0.942229986 -3.43341284E-08
  0.942229986  0.334966689 -1.99078869E-07
  0.  0.  1.
 0 4 8 3
  13.6670065  3.03532386 -3.22910118
  0.334966749 -0.942229986 -3.43341284E-08
  0.942229986  0.334966689 -1.99078869E-07
  0.  0.  1.
 0 4 8 4
  13.6670065  3.03532386  3.2290988
  0.334966749 -0.942229986 -3.43341284E-08
  0.942229986  0.334966689 -1.99078869E-07
  0.  0.  1.
 0 4 8 5
  13.6670065  3.03532386  9.68729782
  0.334966749 -0.942229986 -3.43341284E-08
  0.942229986  0.334966689 -1.99078869E-07
  0.  0.  1.
 0 4 8 6
  13.6670065  3.03532386  16.1454983
  0.334966749 -0.942229986 -3.43341284E-08
  0.942229986  0.334966689 -1.99078869E-07
  0.  0.  1.
 0 4 9 1
  12.6838045  5.92632675 -16.1455021
  0.531287849 -0.847191393 -5.98056076E-08
  0.847191334  0.531287909 -2.07933283E-07
  0.  0.  1.
 0 4 9 2
  12.6838045  5.92632675 -9.68730164
  0.531287849 -0.847191393 -5.98056076E-08
  0.847191334  0.531287909 -2.07933283E-07
  0.  0.  1.
 0 4 9 3
  12.6838045  5.92632675 -3.22910142
  0.531287849 -0.847191393 -5.98056076E-08
  0.847191334  0.531287909 -2.07933283E-07
  0.  0.  1.
 0 4 9 4
  12.6838045  5.92632675  3.22909856
  0.531287849 -0.847191393 -5.98056076E-08
  0.847191334  0.531287909 -2.07933283E-07
  0.  0.  1.
 0 4 9 5
  12.6838045  5.92632675  9.68729782
  0.531287849 -0.847191393 -5.98056076E-08
  0.847191334  0.531287909 -2.07933283E-07
  0.  0.  1.
 0 4 9 6
  12.6838045  5.92632675  16.1454983
  0.531287849 -0.847191393 -5.98056076E-08
  0.847191334  0.531287909 -2.07933283E-07
  0.  0.  1.
 0 4 10 1
  11.0971794  8.5353899 -16.1455021
  0.70233345 -0.711848259 -8.65909655E-08
  0.71184814  0.70233345 -2.1105447E-07
  0.  0.  1.
 0 4 10 2
  11.0971794  8.5353899 -9.68730164
  0.70233345 -0.711848259 -8.65909655E-08
  0.71184814  0.70233345 -2.1105447E-07
  0.  0.  1.
 0 4 10 3
  11.0971794  8.5353899 -3.22910142
  0.70233345 -0.711848259 -8.65909655E-08
  0.71184814  0.70233345 -2.1105447E-07
  0.  0.  1.
 0 4 10 4
  11.0971794  8.5353899  3.22909856
  0.70233345 -0.711848259 -8.65909655E-08
  0.71184814  0.70233345 -2.1105447E-07
  0.  0.  1.
 0 4 10 5
  11.0971794  8.5353899  9.68729782
  0.70233345 -0.711848259 -8.65909655E-08
  0.71184814  0.70233345 -2.1105447E-07
  0.  0.  1.
 0 4 10 6
  11.0971794  8.5353899  16.1454983
  0.70233345 -0.711848259 -8.65909655E-08
  0.71184814  0.70233345 -2.1105447E-07
  0.  0.  1.
 0 4 11 1
  8.98261166  10.7383862 -16.1455021
  0.83996588 -0.542639434 -1.13415879E-07
  0.542639196  0.83996582 -2.08293955E-07
  0.  0.  1.
