 SVX cage parameters:
   2.2000000
  0.50000000      0.20000000
   0.0000000
           6
  -40.000000      -26.500000      -26.500000       26.500000       26.500000       40.000000
   53.000000       53.000000       22.000000       22.000000       53.000000       53.000000
   0.0000000       0.0000000       0.0000000
 SVX barrel parameters:
4
2.63 5.13 11.765 16.687 1.214 
0 0 0 0 
4 4 5 6 
0.696 0.696 1.745 1.745 
0.01 0.01 0.03125 0.03125 
2.836 2.836 3.1877 3.1877 
0.019 0.019 0 0 
0.02 0.02 0 0 
26.7 13.6 17 12 
-13 -13.02 0 0 
2
5 5
   0.0000000       180.00000
2
10 10
   0.0000000       180.00000
2
8 8
   0.0000000       180.00000
2
12 12
   0.0000000       180.00000
 SVX barrel sensor rotation matrices and translation vectors

 0 1 1 1
 1.5757966 -2.1012218 8.583313
 0.64813977 0.76152152 0
 -0.76152152 0.64813977 0
 0 0 1
 0 1 1 2
 1.5757966 -2.1012218 2.8913128
 0.64813977 0.76152152 0
 -0.76152152 0.64813977 0
 0 0 1
 0 1 1 3
 1.5757966 -2.1012218 -2.8006871
 0.64813977 0.76152152 0
 -0.76152152 0.64813977 0
 0 0 1
 0 1 1 4
 1.5757966 -2.1012218 -8.4926872
 0.64813977 0.76152152 0
 -0.76152152 0.64813977 0
 0 0 1
 0 1 2 1
 2.3525631 -1.1629699 8.5882177
 0.23686297 0.97154301 0
 -0.97154301 0.23686297 0
 0 0 1
 0 1 2 2
 2.3525631 -1.1629699 2.8962178
 0.23686297 0.97154301 0
 -0.97154301 0.23686297 0
 0 0 1
 0 1 2 3
 2.3525631 -1.1629699 -2.7957821
 0.23686297 0.97154301 0
 -0.97154301 0.23686297 0
 0 0 1
 0 1 2 4
 2.3525631 -1.1629699 -8.4877825
 0.23686297 0.97154301 0
 -0.97154301 0.23686297 0
 0 0 1
 0 1 3 1
 2.6157737 0.021422941 8.5900927
 -0.22492619 0.97437578 0
 -0.97437578 -0.22492619 0
 0 0 1
 0 1 3 2
 2.6157737 0.021422941 2.898093
 -0.22492619 0.97437578 0
 -0.97437578 -0.22492619 0
 0 0 1
 0 1 3 3
 2.6157737 0.021422941 -2.7939072
 -0.22492619 0.97437578 0
 -0.97437578 -0.22492619 0
 0 0 1
 0 1 3 4
 2.6157737 0.021422941 -8.4859076
 -0.22492619 0.97437578 0
 -0.97437578 -0.22492619 0
 0 0 1
 0 1 4 1
 2.294004 1.1945611 8.5852604
 -0.63874781 0.76941603 0
 -0.76941603 -0.63874781 0
 0 0 1
 0 1 4 2
 2.294004 1.1945611 2.8932602
 -0.63874781 0.76941603 0
 -0.76941603 -0.63874781 0
 0 0 1
 0 1 4 3
 2.294004 1.1945611 -2.7987397
 -0.63874781 0.76941603 0
 -0.76941603 -0.63874781 0
 0 0 1
 0 1 4 4
 2.294004 1.1945611 -8.4907398
 -0.63874781 0.76941603 0
 -0.76941603 -0.63874781 0
 0 0 1
 0 1 5 1
 1.4930946 2.1142192 8.5790806
 -0.91635257 0.40037239 0
 -0.40037239 -0.91635257 0
 0 0 1
 0 1 5 2
 1.4930946 2.1142192 2.8870802
 -0.91635257 0.40037239 0
 -0.40037239 -0.91635257 0
 0 0 1
 0 1 5 3
 1.4930946 2.1142192 -2.80492
 -0.91635257 0.40037239 0
 -0.40037239 -0.91635257 0
 0 0 1
 0 1 5 4
 1.4930946 2.1142192 -8.4969196
 -0.91635257 0.40037239 0
 -0.40037239 -0.91635257 0
 0 0 1
 0 1 6 1
 -1.539858 2.1258247 -8.5812845
 0.91635239 0.40037259 0
 0.40037259 -0.91635239 0
 0 0 -1
 0 1 6 2
 -1.5398575 2.1258247 -2.8892846
 0.91635239 0.40037259 0
 0.40037259 -0.91635239 0
 0 0 -1
 0 1 6 3
 -1.539857 2.1258247 2.8027151
 0.91635239 0.40037259 0
 0.40037259 -0.91635239 0
 0 0 -1
 0 1 6 4
 -1.5398566 2.1258247 8.4947157
 0.91635239 0.40037259 0
 0.40037259 -0.91635239 0
 0 0 -1
 0 1 7 1
 -2.3461559 1.214159 -8.5715427
 0.63874805 0.76941597 0
 0.76941597 -0.63874805 0
 0 0 -1
 0 1 7 2
 -2.3461554 1.214159 -2.8795428
 0.63874805 0.76941597 0
 0.76941597 -0.63874805 0
 0 0 -1
 0 1 7 3
 -2.3461552 1.214159 2.8124571
 0.63874805 0.76941597 0
 0.76941597 -0.63874805 0
 0 0 -1
 0 1 7 4
 -2.3461547 1.214159 8.5044575
 0.63874805 0.76941597 0
 0.76941597 -0.63874805 0
 0 0 -1
 0 1 8 1
 -2.6560678 0.040433433 -8.5688305
 0.22492608 0.97437578 0
 0.97437578 -0.22492608 0
 0 0 -1
 0 1 8 2
 -2.6560671 0.040433433 -2.8768306
 0.22492608 0.97437578 0
 0.97437578 -0.22492608 0
 0 0 -1
 0 1 8 3
 -2.6560667 0.040433425 2.8151693
 0.22492608 0.97437578 0
 0.97437578 -0.22492608 0
 0 0 -1
 0 1 8 4
 -2.6560659 0.040433418 8.5071697
 0.22492608 0.97437578 0
 0.97437578 -0.22492608 0
 0 0 -1
 0 1 9 1
 -2.3953359 -1.1411414 -8.5622282
 -0.23686306 0.97154307 0
 0.97154307 0.23686306 0
 0 0 -1
 0 1 9 2
 -2.3953354 -1.1411414 -2.8702283
 -0.23686306 0.97154307 0
 0.97154307 0.23686306 0
 0 0 -1
 0 1 9 3
 -2.395335 -1.1411414 2.8217719
 -0.23686306 0.97154307 0
 0.97154307 0.23686306 0
 0 0 -1
 0 1 9 4
 -2.3953345 -1.1411414 8.513772
 -0.23686306 0.97154307 0
 0.97154307 0.23686306 0
 0 0 -1
 0 1 10 1
 -1.6317344 -2.0808141 -8.5580912
 -0.64813924 0.76152176 0
 0.76152176 0.64813924 0
 0 0 -1
 0 1 10 2
 -1.6317339 -2.0808141 -2.8660913
 -0.64813924 0.76152176 0
 0.76152176 0.64813924 0
 0 0 -1
 0 1 10 3
 -1.6317334 -2.0808141 2.8259087
 -0.64813924 0.76152176 0
 0.76152176 0.64813924 0
 0 0 -1
 0 1 10 4
 -1.6317329 -2.0808141 8.517909
 -0.64813924 0.76152176 0
 0.76152176 0.64813924 0
 0 0 -1
 0 2 1 1
 2.5073998 -4.5380564 8.5598564
 0.74525201 0.66678286 0
 -0.66678286 0.74525201 0
 0 0 1
 0 2 1 2
 2.5073998 -4.5380564 2.8678567
 0.74525201 0.66678286 0
 -0.66678286 0.74525201 0
 0 0 1
 0 2 1 3
 2.5073998 -4.5380564 -2.8241432
 0.74525201 0.66678286 0
 -0.66678286 0.74525201 0
 0 0 1
 0 2 1 4
 2.5073998 -4.5380564 -8.5161438
 0.74525201 0.66678286 0
 -0.66678286 0.74525201 0
 0 0 1
 0 2 2 1
 3.5247533 -3.8209994 8.5625029
 0.56756717 0.82332718 0
 -0.82332718 0.56756717 0
 0 0 1
 0 2 2 2
 3.5247533 -3.8209994 2.8705039
 0.56756717 0.82332718 0
 -0.82332718 0.56756717 0
 0 0 1
 0 2 2 3
 3.5247533 -3.8209994 -2.821496
 0.56756717 0.82332718 0
 -0.82332718 0.56756717 0
 0 0 1
 0 2 2 4
 3.5247533 -3.8209994 -8.5134974
 0.56756717 0.82332718 0
 -0.82332718 0.56756717 0
 0 0 1
 0 2 3 1
 4.3195338 -2.8770418 8.560873
 0.35805473 0.93370068 0
 -0.93370068 0.35805473 0
 0 0 1
 0 2 3 2
 4.3195338 -2.8770418 2.8688726
 0.35805473 0.93370068 0
 -0.93370068 0.35805473 0
 0 0 1
 0 2 3 3
 4.3195338 -2.8770418 -2.8231273
 0.35805473 0.93370068 0
 -0.93370068 0.35805473 0
 0 0 1
 0 2 3 4
 4.3195338 -2.8770418 -8.5151272
 0.35805473 0.93370068 0
 -0.93370068 0.35805473 0
 0 0 1
 0 2 4 1
 4.8789845 -1.7820663 8.5592833
 0.12846246 0.99171436 0
 -0.99171436 0.12846246 0
 0 0 1
 0 2 4 2
 4.8789845 -1.7820663 2.8672824
 0.12846246 0.99171436 0
 -0.99171436 0.12846246 0
 0 0 1
 0 2 4 3
 4.8789845 -1.7820663 -2.8247178
 0.12846246 0.99171436 0
 -0.99171436 0.12846246 0
 0 0 1
 0 2 4 4
 4.8789845 -1.7820663 -8.516717
 0.12846246 0.99171436 0
 -0.99171436 0.12846246 0
 0 0 1
 0 2 5 1
 5.1732836 -0.58792305 8.5562315
 -0.1083333 0.99411464 0
 -0.99411464 -0.1083333 0
 0 0 1
 0 2 5 2
 5.1732836 -0.58792305 2.8642306
 -0.1083333 0.99411464 0
 -0.99411464 -0.1083333 0
 0 0 1
 0 2 5 3
 5.1732836 -0.58792305 -2.8277693
 -0.1083333 0.99411464 0
 -0.99411464 -0.1083333 0
 0 0 1
 0 2 5 4
 5.1732836 -0.58792305 -8.5197687
 -0.1083333 0.99411464 0
 -0.99411464 -0.1083333 0
 0 0 1
 0 2 6 1
 5.146266 0.64392579 8.5579815
 -0.33905396 0.94076693 0
 -0.94076693 -0.33905396 0
 0 0 1
 0 2 6 2
 5.146266 0.64392579 2.8659813
 -0.33905396 0.94076693 0
 -0.94076693 -0.33905396 0
 0 0 1
 0 2 6 3
 5.146266 0.64392579 -2.8260186
 -0.33905396 0.94076693 0
 -0.94076693 -0.33905396 0
 0 0 1
 0 2 6 4
 5.146266 0.64392579 -8.5180197
 -0.33905396 0.94076693 0
 -0.94076693 -0.33905396 0
 0 0 1
 0 2 7 1
 4.8207107 1.8334895 8.5624838
 -0.5507611 0.83466291 0
 -0.83466291 -0.5507611 0
 0 0 1
 0 2 7 2
 4.8207107 1.8334895 2.8704848
 -0.5507611 0.83466291 0
 -0.83466291 -0.5507611 0
 0 0 1
 0 2 7 3
 4.8207107 1.8334895 -2.8215151
 -0.5507611 0.83466291 0
 -0.83466291 -0.5507611 0
 0 0 1
 0 2 7 4
 4.8207107 1.8334895 -8.5135164
 -0.5507611 0.83466291 0
 -0.83466291 -0.5507611 0
 0 0 1
 0 2 8 1
 4.2680993 2.9410696 8.5608168
 -0.73158258 0.68175286 0
 -0.68175286 -0.73158258 0
 0 0 1
 0 2 8 2
 4.2680993 2.9410696 2.8688164
 -0.73158258 0.68175286 0
 -0.68175286 -0.73158258 0
 0 0 1
 0 2 8 3
 4.2680993 2.9410696 -2.8231835
 -0.73158258 0.68175286 0
 -0.68175286 -0.73158258 0
 0 0 1
 0 2 8 4
 4.2680993 2.9410696 -8.5151834
 -0.73158258 0.68175286 0
 -0.68175286 -0.73158258 0
 0 0 1
 0 2 9 1
 3.4209533 3.8430638 8.5635214
 -0.87137854 0.49061114 0
 -0.49061114 -0.87137854 0
 0 0 1
 0 2 9 2
 3.4209533 3.8430638 2.8715212
 -0.87137854 0.49061114 0
 -0.49061114 -0.87137854 0
 0 0 1
 0 2 9 3
 3.4209533 3.8430638 -2.8204784
 -0.87137854 0.49061114 0
 -0.49061114 -0.87137854 0
 0 0 1
 0 2 9 4
 3.4209533 3.8430638 -8.5124788
 -0.87137854 0.49061114 0
 -0.49061114 -0.87137854 0
 0 0 1
 0 2 10 1
 2.4091454 4.5450335 8.5785313
 -0.96230936 0.27195698 0
 -0.27195698 -0.96230936 0
 0 0 1
 0 2 10 2
 2.4091454 4.5450335 2.8865309
 -0.96230936 0.27195698 0
 -0.27195698 -0.96230936 0
 0 0 1
 0 2 10 3
 2.4091454 4.5450335 -2.805469
 -0.96230936 0.27195698 0
 -0.27195698 -0.96230936 0
 0 0 1
 0 2 10 4
 2.4091454 4.5450335 -8.4974689
 -0.96230936 0.27195698 0
 -0.27195698 -0.96230936 0
 0 0 1
 0 2 11 1
 -2.4479778 4.5564032 -8.587265
 0.96230942 0.27195695 0
 0.27195695 -0.96230942 0
 0 0 -1
 0 2 11 2
 -2.4479775 4.5564032 -2.8952663
 0.96230942 0.27195695 0
 0.27195695 -0.96230942 0
 0 0 -1
 0 2 11 3
 -2.4479771 4.5564032 2.7967336
 0.96230942 0.27195695 0
 0.27195695 -0.96230942 0
 0 0 -1
 0 2 11 4
 -2.4479766 4.5564032 8.4887342
 0.96230942 0.27195695 0
 0.27195695 -0.96230942 0
 0 0 -1
 0 2 12 1
 -3.4983902 3.8841248 -8.5845213
 0.8713786 0.49061114 0
 0.49061114 -0.8713786 0
 0 0 -1
 0 2 12 2
 -3.4983897 3.8841248 -2.8925226
 0.8713786 0.49061114 0
 0.49061114 -0.8713786 0
 0 0 -1
 0 2 12 3
 -3.4983892 3.8841248 2.7994773
 0.8713786 0.49061114 0
 0.49061114 -0.8713786 0
 0 0 -1
 0 2 12 4
 -3.4983888 3.8841248 8.4914789
 0.8713786 0.49061114 0
 0.49061114 -0.8713786 0
 0 0 -1
 0 2 13 1
 -4.291255 2.9497867 -8.5786867
 0.73158276 0.6817525 0
 0.6817525 -0.73158276 0
 0 0 -1
 0 2 13 2
 -4.2912545 2.9497867 -2.8866873
 0.73158276 0.6817525 0
 0.6817525 -0.73158276 0
 0 0 -1
 0 2 13 3
 -4.2912545 2.9497867 2.8053126
 0.73158276 0.6817525 0
 0.6817525 -0.73158276 0
 0 0 -1
 0 2 13 4
 -4.291254 2.9497867 8.4973135
 0.73158276 0.6817525 0
 0.6817525 -0.73158276 0
 0 0 -1
 0 2 14 1
 -4.8712964 1.8652731 -8.5610342
 0.5507611 0.83466291 0
 0.83466291 -0.5507611 0
 0 0 -1
 0 2 14 2
 -4.8712959 1.865273 -2.8690338
 0.5507611 0.83466291 0
 0.83466291 -0.5507611 0
 0 0 -1
 0 2 14 3
 -4.8712955 1.865273 2.8229663
 0.5507611 0.83466291 0
 0.83466291 -0.5507611 0
 0 0 -1
 0 2 14 4
 -4.871295 1.865273 8.514966
 0.5507611 0.83466291 0
 0.83466291 -0.5507611 0
 0 0 -1
 0 2 15 1
 -5.1851482 0.67667103 -8.5573521
 0.33905399 0.94076687 0
 0.94076687 -0.33905399 0
 0 0 -1
 0 2 15 2
 -5.1851478 0.67667103 -2.8653517
 0.33905399 0.94076687 0
 0.94076687 -0.33905399 0
 0 0 -1
 0 2 15 3
 -5.1851473 0.67667103 2.8266482
 0.33905399 0.94076687 0
 0.94076687 -0.33905399 0
 0 0 -1
 0 2 15 4
 -5.1851468 0.67667103 8.5186481
 0.33905399 0.94076687 0
 0.94076687 -0.33905399 0
 0 0 -1
 0 2 16 1
 -5.1793313 -0.55647594 -8.5591602
 0.10833333 0.99411464 0
 0.99411464 -0.10833333 0
 0 0 -1
 0 2 16 2
 -5.1793308 -0.55647594 -2.8671613
 0.10833333 0.99411464 0
 0.99411464 -0.10833333 0
 0 0 -1
 0 2 16 3
 -5.1793303 -0.55647594 2.8248386
 0.10833333 0.99411464 0
 0.99411464 -0.10833333 0
 0 0 -1
 0 2 16 4
 -5.1793299 -0.55647594 8.51684
 0.10833333 0.99411464 0
 0.99411464 -0.10833333 0
 0 0 -1
 0 2 17 1
 -4.882133 -1.743955 -8.5728502
 -0.12846243 0.99171436 0
 0.99171436 0.12846243 0
 0 0 -1
 0 2 17 2
 -4.8821321 -1.743955 -2.880851
 -0.12846243 0.99171436 0
 0.99171436 0.12846243 0
 0 0 -1
 0 2 17 3
 -4.8821316 -1.743955 2.8111489
 -0.12846243 0.99171436 0
 0.99171436 0.12846243 0
 0 0 -1
 0 2 17 4
 -4.8821311 -1.743955 8.50315
 -0.12846243 0.99171436 0
 0.99171436 0.12846243 0
 0 0 -1
 0 2 18 1
 -4.3406096 -2.8450973 -8.5667057
 -0.35805428 0.93370074 0
 0.93370074 0.35805428 0
 0 0 -1
 0 2 18 2
 -4.3406091 -2.8450973 -2.8747058
 -0.35805428 0.93370074 0
 0.93370074 0.35805428 0
 0 0 -1
 0 2 18 3
 -4.3406086 -2.8450973 2.8172941
 -0.35805428 0.93370074 0
 0.93370074 0.35805428 0
 0 0 -1
 0 2 18 4
 -4.3406081 -2.8450973 8.5092955
 -0.35805428 0.93370074 0
 0.93370074 0.35805428 0
 0 0 -1
 0 2 19 1
 -3.5554607 -3.7987759 -8.5615263
 -0.56756705 0.82332712 0
 0.82332712 0.56756705 0
 0 0 -1
 0 2 19 2
 -3.5554602 -3.7987759 -2.8695264
 -0.56756705 0.82332712 0
 0.82332712 0.56756705 0
 0 0 -1
 0 2 19 3
 -3.5554595 -3.7987759 2.8224733
 -0.56756705 0.82332712 0
 0.82332712 0.56756705 0
 0 0 -1
 0 2 19 4
 -3.5554593 -3.7987759 8.5144739
 -0.56756705 0.82332712 0
 0.82332712 0.56756705 0
 0 0 -1
 0 2 20 1
 -2.553405 -4.516283 -8.6268148
 -0.74525195 0.66678298 0
 0.66678298 0.74525195 0
 0 0 -1
 0 2 20 2
 -2.5534046 -4.516283 -2.9348149
 -0.74525195 0.66678298 0
 0.66678298 0.74525195 0
 0 0 -1
 0 2 20 3
 -2.5534041 -4.516283 2.757185
 -0.74525195 0.66678298 0
 0.66678298 0.74525195 0
 0 0 -1
 0 2 20 4
 -2.5534036 -4.516283 8.4491854
 -0.74525195 0.66678298 0
 0.66678298 0.74525195 0
 0 0 -1
 0 3 1 1
 5.6571002 -10.315637 12.6768
 -0.87806648 -0.47853845 1.1859817e-07
 -0.47853863 0.87806654 -3.4927844e-08
 -8.7422777e-08 0 -1
 0 3 1 2
 5.6570997 -10.315637 6.3014007
 -0.87806648 -0.47853845 1.1859817e-07
 -0.47853863 0.87806654 -3.4927844e-08
 -8.7422777e-08 0 -1
 0 3 1 3
 5.6570988 -10.315637 -0.073999606
 -0.87806648 -0.47853845 1.1859817e-07
 -0.47853863 0.87806654 -3.4927844e-08
 -8.7422777e-08 0 -1
 0 3 1 4
 5.6570983 -10.315637 -6.4493995
 -0.87806648 -0.47853845 1.1859817e-07
 -0.47853863 0.87806654 -3.4927844e-08
 -8.7422777e-08 0 -1
 0 3 1 5
 5.6570978 -10.315637 -12.8248
 -0.87806648 -0.47853845 1.1859817e-07
 -0.47853863 0.87806654 -3.4927844e-08
 -8.7422777e-08 0 -1
 0 3 2 1
 7.5767207 -7.0824776 12.734985
 -0.68670678 -0.72693443 1.2358444e-07
 -0.72693437 0.68670702 3.5167886e-09
 -8.7422777e-08 0 -1
 0 3 2 2
 7.5767198 -7.0824776 6.3595862
 -0.68670678 -0.72693443 1.2358444e-07
 -0.72693437 0.68670702 3.5167886e-09
 -8.7422777e-08 0 -1
 0 3 2 3
 7.5767193 -7.0824776 -0.01581404
 -0.68670678 -0.72693443 1.2358444e-07
 -0.72693437 0.68670702 3.5167886e-09
 -8.7422777e-08 0 -1
 0 3 2 4
 7.5767188 -7.0824776 -6.3912139
 -0.68670678 -0.72693443 1.2358444e-07
 -0.72693437 0.68670702 3.5167886e-09
 -8.7422777e-08 0 -1
 0 3 2 5
 7.5767183 -7.0824776 -12.766615
 -0.68670678 -0.72693443 1.2358444e-07
 -0.72693437 0.68670702 3.5167886e-09
 -8.7422777e-08 0 -1
 0 3 3 1
 11.514871 -5.577239 12.724447
 -0.44166213 -0.89718139 1.1704542e-07
 -0.89718139 0.4416624 3.982273e-08
 -8.7422777e-08 0 -1
 0 3 3 2
 11.514871 -5.577239 6.3490477
 -0.44166213 -0.89718139 1.1704542e-07
 -0.89718139 0.4416624 3.982273e-08
 -8.7422777e-08 0 -1
 0 3 3 3
 11.514868 -5.577239 -0.026352501
 -0.44166213 -0.89718139 1.1704542e-07
 -0.89718139 0.4416624 3.982273e-08
 -8.7422777e-08 0 -1
 0 3 3 4
 11.514868 -5.577239 -6.4017525
 -0.44166213 -0.89718139 1.1704542e-07
 -0.89718139 0.4416624 3.982273e-08
 -8.7422777e-08 0 -1
 0 3 3 5
 11.514868 -5.577239 -12.777153
 -0.44166213 -0.89718139 1.1704542e-07
 -0.89718139 0.4416624 3.982273e-08
 -8.7422777e-08 0 -1
 0 3 4 1
 11.601184 -2.0020256 12.724761
 -0.17622556 -0.98434979 1.0146073e-07
 -0.98434979 0.17622574 7.0648454e-08
 -8.7422777e-08 0 -1
 0 3 4 2
 11.601182 -2.0020256 6.3493614
 -0.17622556 -0.98434979 1.0146073e-07
 -0.98434979 0.17622574 7.0648454e-08
 -8.7422777e-08 0 -1
 0 3 4 3
 11.601182 -2.0020256 -0.026038811
 -0.17622556 -0.98434979 1.0146073e-07
 -0.98434979 0.17622574 7.0648454e-08
 -8.7422777e-08 0 -1
 0 3 4 4
 11.601182 -2.0020256 -6.4014387
 -0.17622556 -0.98434979 1.0146073e-07
 -0.98434979 0.17622574 7.0648454e-08
 -8.7422777e-08 0 -1
 0 3 4 5
 11.601182 -2.0020256 -12.776839
 -0.17622556 -0.98434979 1.0146073e-07
 -0.98434979 0.17622574 7.0648454e-08
 -8.7422777e-08 0 -1
 0 3 5 1
 10.266686 1.4747822 12.726683
 0.13727199 -0.99053341 7.4594489e-08
 -0.99053341 -0.13727181 9.8595862e-08
 -8.7422777e-08 0 -1
 0 3 5 2
 10.266686 1.4747822 6.3512836
 0.13727199 -0.99053341 7.4594489e-08
 -0.99053341 -0.13727181 9.8595862e-08
 -8.7422777e-08 0 -1
 0 3 5 3
 10.266685 1.4747822 -0.024116993
 0.13727199 -0.99053341 7.4594489e-08
 -0.99053341 -0.13727181 9.8595862e-08
 -8.7422777e-08 0 -1
 0 3 5 4
 10.266685 1.4747822 -6.3995166
 0.13727199 -0.99053341 7.4594489e-08
 -0.99053341 -0.13727181 9.8595862e-08
 -8.7422777e-08 0 -1
 0 3 5 5
 10.266685 1.4747822 -12.774918
 0.13727199 -0.99053341 7.4594489e-08
 -0.99053341 -0.13727181 9.8595862e-08
 -8.7422777e-08 0 -1
 0 3 6 1
 11.608595 5.5056381 12.676798
 0.42340913 -0.90593863 4.2184073e-08
 -0.90593857 -0.42340899 1.1621526e-07
 -8.7422777e-08 0 -1
 0 3 6 2
 11.608594 5.5056381 6.3013988
 0.42340913 -0.90593863 4.2184073e-08
 -0.90593857 -0.42340899 1.1621526e-07
 -8.7422777e-08 0 -1
 0 3 6 3
 11.608594 5.5056381 -0.074001454
 0.42340913 -0.90593863 4.2184073e-08
 -0.90593857 -0.42340899 1.1621526e-07
 -8.7422777e-08 0 -1
 0 3 6 4
 11.608593 5.5056381 -6.4494014
 0.42340913 -0.90593863 4.2184073e-08
 -0.90593857 -0.42340899 1.1621526e-07
 -8.7422777e-08 0 -1
 0 3 6 5
 11.608593 5.5056381 -12.824802
 0.42340913 -0.90593863 4.2184073e-08
 -0.90593857 -0.42340899 1.1621526e-07
 -8.7422777e-08 0 -1
 0 3 7 1
 8.7497177 7.7545686 12.727492
 0.65750682 -0.75344861 8.3875022e-09
 -0.75344855 -0.6575067 1.2334964e-07
 -8.7422777e-08 0 -1
 0 3 7 2
 8.7497168 7.7545686 6.3520927
 0.65750682 -0.75344861 8.3875022e-09
 -0.75344855 -0.6575067 1.2334964e-07
 -8.7422777e-08 0 -1
 0 3 7 3
 8.7497168 7.7545686 -0.023307409
 0.65750682 -0.75344861 8.3875022e-09
 -0.75344855 -0.6575067 1.2334964e-07
 -8.7422777e-08 0 -1
 0 3 7 4
 8.7497158 7.7545686 -6.3987074
 0.65750682 -0.75344861 8.3875022e-09
 -0.75344855 -0.6575067 1.2334964e-07
 -8.7422777e-08 0 -1
 0 3 7 5
 8.7497158 7.7545686 -12.774108
 0.65750682 -0.75344861 8.3875022e-09
 -0.75344855 -0.6575067 1.2334964e-07
 -8.7422777e-08 0 -1
 0 3 8 1
 5.2496433 8.9314747 12.676799
 0.8585127 -0.51279235 -3.0223823e-08
 -0.51279235 -0.85851264 1.1988328e-07
 -8.7422777e-08 0 -1
 0 3 8 2
 5.2496428 8.9314747 6.3013988
 0.8585127 -0.51279235 -3.0223823e-08
 -0.51279235 -0.85851264 1.1988328e-07
 -8.7422777e-08 0 -1
 0 3 8 3
 5.2496424 8.9314747 -0.0740012
 0.8585127 -0.51279235 -3.0223823e-08
 -0.51279235 -0.85851264 1.1988328e-07
 -8.7422777e-08 0 -1
 0 3 8 4
 5.2496414 8.9314747 -6.4494014
 0.8585127 -0.51279235 -3.0223823e-08
 -0.51279235 -0.85851264 1.1988328e-07
 -8.7422777e-08 0 -1
 0 3 8 5
 5.2496409 8.9314747 -12.824801
 0.8585127 -0.51279235 -3.0223823e-08
 -0.51279235 -0.85851264 1.1988328e-07
 -8.7422777e-08 0 -1
 0 3 9 1
 -5.1911478 8.8656492 -12.756502
 -0.85851264 -0.51279235 3.246052e-08
 0.51279253 -0.85851264 -5.7198957e-08
 0 0 1
 0 3 9 2
 -5.1911478 8.8656492 -6.3811026
 -0.85851264 -0.51279235 3.246052e-08
 0.51279253 -0.85851264 -5.7198957e-08
 0 0 1
 0 3 9 3
 -5.1911478 8.8656492 -0.0057023019
 -0.85851264 -0.51279235 3.246052e-08
 0.51279253 -0.85851264 -5.7198957e-08
 0 0 1
 0 3 9 4
 -5.1911478 8.8656492 6.3696976
 -0.85851264 -0.51279235 3.246052e-08
 0.51279253 -0.85851264 -5.7198957e-08
 0 0 1
 0 3 9 5
 -5.1911478 8.8656492 12.745098
 -0.85851264 -0.51279235 3.246052e-08
 0.51279253 -0.85851264 -5.7198957e-08
 0 0 1
 0 3 10 1
 -8.816102 7.790482 -12.6847
 -0.6575067 -0.75344861 3.592686e-08
 0.75344872 -0.6575067 -9.5810293e-08
 0 0 1
 0 3 10 2
 -8.816102 7.790482 -6.3092999
 -0.6575067 -0.75344861 3.592686e-08
 0.75344872 -0.6575067 -9.5810293e-08
 0 0 1
 0 3 10 3
 -8.816102 7.790482 0.066100098
 -0.6575067 -0.75344861 3.592686e-08
 0.75344872 -0.6575067 -9.5810293e-08
 0 0 1
 0 3 10 4
 -8.816102 7.790482 6.4415002
 -0.6575067 -0.75344861 3.592686e-08
 0.75344872 -0.6575067 -9.5810293e-08
 0 0 1
 0 3 10 5
 -8.816102 7.790482 12.8169
 -0.6575067 -0.75344861 3.592686e-08
 0.75344872 -0.6575067 -9.5810293e-08
 0 0 1
 0 3 11 1
 -11.566759 5.5172009 -12.74555
 -0.42340893 -0.90593863 2.8792485e-08
 0.90593868 -0.42340901 -1.2960686e-07
 0 0 1
 0 3 11 2
 -11.566759 5.5172009 -6.3701506
 -0.42340893 -0.90593863 2.8792485e-08
 0.90593868 -0.42340901 -1.2960686e-07
 0 0 1
 0 3 11 3
 -11.566759 5.5172009 0.0052495319
 -0.42340893 -0.90593863 2.8792485e-08
 0.90593868 -0.42340901 -1.2960686e-07
 0 0 1
 0 3 11 4
 -11.566759 5.5172009 6.3806496
 -0.42340893 -0.90593863 2.8792485e-08
 0.90593868 -0.42340901 -1.2960686e-07
 0 0 1
 0 3 11 5
 -11.566759 5.5172009 12.75605
 -0.42340893 -0.90593863 2.8792485e-08
 0.90593868 -0.42340901 -1.2960686e-07
 0 0 1
 0 3 12 1
 -10.258364 1.5003392 -12.743587
 -0.13727154 -0.99053347 1.1173078e-08
 0.99053341 -0.13727161 -1.6201729e-07
 0 0 1
 0 3 12 2
 -10.258364 1.5003392 -6.368187
 -0.13727154 -0.99053347 1.1173078e-08
 0.99053341 -0.13727161 -1.6201729e-07
 0 0 1
 0 3 12 3
 -10.258364 1.5003392 0.0072127469
 -0.13727154 -0.99053347 1.1173078e-08
 0.99053341 -0.13727161 -1.6201729e-07
 0 0 1
 0 3 12 4
 -10.258364 1.5003392 6.3826132
 -0.13727154 -0.99053347 1.1173078e-08
 0.99053341 -0.13727161 -1.6201729e-07
 0 0 1
 0 3 12 5
 -10.258364 1.5003392 12.758013
 -0.13727154 -0.99053347 1.1173078e-08
 0.99053341 -0.13727161 -1.6201729e-07
 0 0 1
 0 3 13 1
 -11.589037 -1.9714558 -12.736448
 0.17622589 -0.98434979 -1.6774337e-08
 0.98434979 0.17622587 -1.8888352e-07
 0 0 1
 0 3 13 2
 -11.589037 -1.9714558 -6.3610477
 0.17622589 -0.98434979 -1.6774337e-08
 0.98434979 0.17622587 -1.8888352e-07
 0 0 1
 0 3 13 3
 -11.589037 -1.9714558 0.014352156
 0.17622589 -0.98434979 -1.6774337e-08
 0.98434979 0.17622587 -1.8888352e-07
 0 0 1
 0 3 13 4
 -11.589037 -1.9714558 6.3897524
 0.17622589 -0.98434979 -1.6774337e-08
 0.98434979 0.17622587 -1.8888352e-07
 0 0 1
 0 3 13 5
 -11.589037 -1.9714558 12.765152
 0.17622589 -0.98434979 -1.6774337e-08
 0.98434979 0.17622587 -1.8888352e-07
 0 0 1
 0 3 14 1
 -11.578575 -5.5684795 -12.684698
 0.44166255 -0.89718127 -4.7600057e-08
 0.89718127 0.44166246 -2.0446822e-07
 0 0 1
 0 3 14 2
 -11.578575 -5.5684795 -6.3092985
 0.44166255 -0.89718127 -4.7600057e-08
 0.89718127 0.44166246 -2.0446822e-07
 0 0 1
 0 3 14 3
 -11.578575 -5.5684795 0.066101462
 0.44166255 -0.89718127 -4.7600057e-08
 0.89718127 0.44166246 -2.0446822e-07
 0 0 1
 0 3 14 4
 -11.578575 -5.5684795 6.4415016
 0.44166255 -0.89718127 -4.7600057e-08
 0.89718127 0.44166246 -2.0446822e-07
 0 0 1
 0 3 14 5
 -11.578575 -5.5684795 12.816902
 0.44166255 -0.89718127 -4.7600057e-08
 0.89718127 0.44166246 -2.0446822e-07
 0 0 1
 0 3 15 1
 -7.6120353 -7.027575 -12.684699
 0.68670696 -0.72693437 -8.3905981e-08
 0.72693431 0.68670696 -2.1100723e-07
 0 0 1
 0 3 15 2
 -7.6120353 -7.027575 -6.3092985
 0.68670696 -0.72693437 -8.3905981e-08
 0.72693431 0.68670696 -2.1100723e-07
 0 0 1
 0 3 15 3
 -7.6120353 -7.027575 0.066101238
 0.68670696 -0.72693437 -8.3905981e-08
 0.72693431 0.68670696 -2.1100723e-07
 0 0 1
 0 3 15 4
 -7.6120353 -7.027575 6.4415016
 0.68670696 -0.72693437 -8.3905981e-08
 0.72693431 0.68670696 -2.1100723e-07
 0 0 1
 0 3 15 5
 -7.6120353 -7.027575 12.816901
 0.68670696 -0.72693437 -8.3905981e-08
 0.72693431 0.68670696 -2.1100723e-07
 0 0 1
 0 3 16 1
 -5.7334981 -10.273388 -12.684699
 0.8780666 -0.47853857 -1.2235063e-07
 0.47853842 0.87806654 -2.0602096e-07
 0 0 1
 0 3 16 2
 -5.7334981 -10.273388 -6.3092985
 0.8780666 -0.47853857 -1.2235063e-07
 0.47853842 0.87806654 -2.0602096e-07
 0 0 1
 0 3 16 3
 -5.7334981 -10.273388 0.066101357
 0.8780666 -0.47853857 -1.2235063e-07
 0.47853842 0.87806654 -2.0602096e-07
 0 0 1
 0 3 16 4
 -5.7334981 -10.273388 6.4415016
 0.8780666 -0.47853857 -1.2235063e-07
 0.47853842 0.87806654 -2.0602096e-07
 0 0 1
 0 3 16 5
 -5.7334981 -10.273388 12.816901
 0.8780666 -0.47853857 -1.2235063e-07
 0.47853842 0.87806654 -2.0602096e-07
 0 0 1
 0 4 1 1
 6.5840778 -14.002272 -16.012497
 0.90726435 0.42056072 -2.0350495e-07
 -0.42056099 0.90726435 -1.2997174e-07
 0 0 1
 0 4 1 2
 6.5840778 -14.002272 -9.6370983
 0.90726435 0.42056072 -2.0350495e-07
 -0.42056099 0.90726435 -1.2997174e-07
 0 0 1
 0 4 1 3
 6.5840778 -14.002272 -3.2616982
 0.90726435 0.42056072 -2.0350495e-07
 -0.42056099 0.90726435 -1.2997174e-07
 0 0 1
 0 4 1 4
 6.5840778 -14.002272 3.1137018
 0.90726435 0.42056072 -2.0350495e-07
 -0.42056099 0.90726435 -1.2997174e-07
 0 0 1
 0 4 1 5
 6.5840778 -14.002272 9.4891014
 0.90726435 0.42056072 -2.0350495e-07
 -0.42056099 0.90726435 -1.2997174e-07
 0 0 1
 0 4 1 6
 6.5840778 -14.002272 15.864502
 0.90726435 0.42056072 -2.0350495e-07
 -0.42056099 0.90726435 -1.2997174e-07
 0 0 1
 0 4 2 1
 10.213118 -13.196536 -15.976434
 0.79536754 0.60612732 -2.0994537e-07
 -0.6061272 0.79536784 -1.0396672e-07
 0 0 1
 0 4 2 2
 10.213118 -13.196536 -9.6010351
 0.79536754 0.60612732 -2.0994537e-07
 -0.6061272 0.79536784 -1.0396672e-07
 0 0 1
 0 4 2 3
 10.213118 -13.196536 -3.2256348
 0.79536754 0.60612732 -2.0994537e-07
 -0.6061272 0.79536784 -1.0396672e-07
 0 0 1
 0 4 2 4
 10.213118 -13.196536 3.1497653
 0.79536754 0.60612732 -2.0994537e-07
 -0.6061272 0.79536784 -1.0396672e-07
 0 0 1
 0 4 2 5
 10.213118 -13.196536 9.5251646
 0.79536754 0.60612732 -2.0994537e-07
 -0.6061272 0.79536784 -1.0396672e-07
 0 0 1
 0 4 2 6
 10.213118 -13.196536 15.900565
 0.79536754 0.60612732 -2.0994537e-07
 -0.6061272 0.79536784 -1.0396672e-07
 0 0 1
 0 4 3 1
 13.557542 -11.68926 -16.012499
 0.65763831 0.75333381 -2.1077389e-07
 -0.75333399 0.65763813 -7.9056782e-08
 0 0 1
 0 4 3 2
 13.557542 -11.68926 -9.6370993
 0.65763831 0.75333381 -2.1077389e-07
 -0.75333399 0.65763813 -7.9056782e-08
 0 0 1
 0 4 3 3
 13.557542 -11.68926 -3.2616992
 0.65763831 0.75333381 -2.1077389e-07
 -0.75333399 0.65763813 -7.9056782e-08
 0 0 1
 0 4 3 4
 13.557542 -11.68926 3.1137009
 0.65763831 0.75333381 -2.1077389e-07
 -0.75333399 0.65763813 -7.9056782e-08
 0 0 1
 0 4 3 5
 13.557542 -11.68926 9.4891005
 0.65763831 0.75333381 -2.1077389e-07
 -0.75333399 0.65763813 -7.9056782e-08
 0 0 1
 0 4 3 6
 13.557542 -11.68926 15.864501
 0.65763831 0.75333381 -2.1077389e-07
 -0.75333399 0.65763813 -7.9056782e-08
 0 0 1
 0 4 4 1
 13.504225 -7.4128909 -16.001648
 0.48603019 0.87394196 -2.0631532e-07
 -0.87394214 0.4860301 -5.351043e-08
 0 0 1
 0 4 4 2
 13.504225 -7.4128909 -9.6262474
 0.48603019 0.87394196 -2.0631532e-07
 -0.87394214 0.4860301 -5.351043e-08
 0 0 1
 0 4 4 3
 13.504225 -7.4128909 -3.2508461
 0.48603019 0.87394196 -2.0631532e-07
 -0.87394214 0.4860301 -5.351043e-08
 0 0 1
 0 4 4 4
 13.504225 -7.4128909 3.1245539
 0.48603019 0.87394196 -2.0631532e-07
 -0.87394214 0.4860301 -5.351043e-08
 0 0 1
 0 4 4 5
 13.504225 -7.4128909 9.4999523
 0.48603019 0.87394196 -2.0631532e-07
 -0.87394214 0.4860301 -5.351043e-08
 0 0 1
 0 4 4 6
 13.504225 -7.4128909 15.875353
 0.48603019 0.87394196 -2.0631532e-07
 -0.87394214 0.4860301 -5.351043e-08
 0 0 1
 0 4 5 1
 16.031853 -4.6294441 -16.012501
 0.28635693 0.95812297 -1.9621868e-07
 -0.95812297 0.28635705 -2.869513e-08
 0 0 1
 0 4 5 2
 16.031853 -4.6294441 -9.6371002
 0.28635693 0.95812297 -1.9621868e-07
 -0.95812297 0.28635705 -2.869513e-08
 0 0 1
 0 4 5 3
 16.031853 -4.6294441 -3.2616997
 0.28635693 0.95812297 -1.9621868e-07
 -0.95812297 0.28635705 -2.869513e-08
 0 0 1
 0 4 5 4
 16.031853 -4.6294441 3.1137004
 0.28635693 0.95812297 -1.9621868e-07
 -0.95812297 0.28635705 -2.869513e-08
 0 0 1
 0 4 5 5
 16.031853 -4.6294441 9.4890995
 0.28635693 0.95812297 -1.9621868e-07
 -0.95812297 0.28635705 -2.869513e-08
 0 0 1
 0 4 5 6
 16.031853 -4.6294441 15.8645
 0.28635693 0.95812297 -1.9621868e-07
 -0.95812297 0.28635705 -2.869513e-08
 0 0 1
 0 4 6 1
 17.848383 -1.4818956 -16.012716
 0.088372588 0.99608749 -1.8222929e-07
 -0.99608743 0.088372946 -8.0678504e-09
 0 0 1
 0 4 6 2
 17.848383 -1.4818956 -9.6373167
 0.088372588 0.99608749 -1.8222929e-07
 -0.99608743 0.088372946 -8.0678504e-09
 0 0 1
 0 4 6 3
 17.848383 -1.4818956 -3.2619162
 0.088372588 0.99608749 -1.8222929e-07
 -0.99608743 0.088372946 -8.0678504e-09
 0 0 1
 0 4 6 4
 17.848383 -1.4818956 3.1134839
 0.088372588 0.99608749 -1.8222929e-07
 -0.99608743 0.088372946 -8.0678504e-09
 0 0 1
 0 4 6 5
 17.848383 -1.4818956 9.488883
 0.088372588 0.99608749 -1.8222929e-07
 -0.99608743 0.088372946 -8.0678504e-09
 0 0 1
 0 4 6 6
 17.848383 -1.4818956 15.864284
 0.088372588 0.99608749 -1.8222929e-07
 -0.99608743 0.088372946 -8.0678504e-09
 0 0 1
 0 4 7 1
 15.3845 1.958825 -16.005829
 -0.12134953 0.99260986 -1.6359078e-07
 -0.99260986 -0.12134964 9.9626511e-09
 0 0 1
 0 4 7 2
 15.3845 1.958825 -9.6304302
 -0.12134953 0.99260986 -1.6359078e-07
 -0.99260986 -0.12134964 9.9626511e-09
 0 0 1
 0 4 7 3
 15.3845 1.958825 -3.2550292
 -0.12134953 0.99260986 -1.6359078e-07
 -0.99260986 -0.12134964 9.9626511e-09
 0 0 1
 0 4 7 4
 15.3845 1.958825 3.1203709
 -0.12134953 0.99260986 -1.6359078e-07
 -0.99260986 -0.12134964 9.9626511e-09
 0 0 1
 0 4 7 5
 15.3845 1.958825 9.4957695
 -0.12134953 0.99260986 -1.6359078e-07
 -0.99260986 -0.12134964 9.9626511e-09
 0 0 1
 0 4 7 6
 15.3845 1.958825 15.87117
 -0.12134953 0.99260986 -1.6359078e-07
 -0.99260986 -0.12134964 9.9626511e-09
 0 0 1
 0 4 8 1
 15.55311 5.5679092 -16.008162
 -0.33232591 0.94316465 -1.40824e-07
 -0.94316465 -0.33232576 2.4084137e-08
 0 0 1
 0 4 8 2
 15.55311 5.5679092 -9.6327639
 -0.33232591 0.94316465 -1.40824e-07
 -0.94316465 -0.33232576 2.4084137e-08
 0 0 1
 0 4 8 3
 15.55311 5.5679092 -3.2573626
 -0.33232591 0.94316465 -1.40824e-07
 -0.94316465 -0.33232576 2.4084137e-08
 0 0 1
 0 4 8 4
 15.55311 5.5679092 3.1180375
 -0.33232591 0.94316465 -1.40824e-07
 -0.94316465 -0.33232576 2.4084137e-08
 0 0 1
 0 4 8 5
 15.55311 5.5679092 9.4934359
 -0.33232591 0.94316465 -1.40824e-07
 -0.94316465 -0.33232576 2.4084137e-08
 0 0 1
 0 4 8 6
 15.55311 5.5679092 15.868836
 -0.33232591 0.94316465 -1.40824e-07
 -0.94316465 -0.33232576 2.4084137e-08
 0 0 1
 0 4 9 1
 15.303119 9.3260202 -16.006792
 -0.51473916 0.85734689 -1.173745e-07
 -0.85734683 -0.51473904 3.2528781e-08
 0 0 1
 0 4 9 2
 15.303119 9.3260202 -9.6313925
 -0.51473916 0.85734689 -1.173745e-07
 -0.85734683 -0.51473904 3.2528781e-08
 0 0 1
 0 4 9 3
 15.303119 9.3260202 -3.2559919
 -0.51473916 0.85734689 -1.173745e-07
 -0.85734683 -0.51473904 3.2528781e-08
 0 0 1
 0 4 9 4
 15.303119 9.3260202 3.1194081
 -0.51473916 0.85734689 -1.173745e-07
 -0.85734683 -0.51473904 3.2528781e-08
 0 0 1
 0 4 9 5
 15.303119 9.3260202 9.4948072
 -0.51473916 0.85734689 -1.173745e-07
 -0.85734683 -0.51473904 3.2528781e-08
 0 0 1
 0 4 9 6
 15.303119 9.3260202 15.870208
 -0.51473916 0.85734689 -1.173745e-07
 -0.85734683 -0.51473904 3.2528781e-08
 0 0 1
 0 4 10 1
 11.23869 10.635126 -16.012501
 -0.68225384 0.7311154 -9.1694396e-08
 -0.73111522 -0.68225396 3.6137891e-08
 0 0 1
 0 4 10 2
 11.23869 10.635126 -9.6371012
 -0.68225384 0.7311154 -9.1694396e-08
 -0.73111522 -0.68225396 3.6137891e-08
 0 0 1
 0 4 10 3
 11.23869 10.635126 -3.2617006
 -0.68225384 0.7311154 -9.1694396e-08
 -0.73111522 -0.68225396 3.6137891e-08
 0 0 1
 0 4 10 4
 11.23869 10.635126 3.1136994
 -0.68225384 0.7311154 -9.1694396e-08
 -0.73111522 -0.68225396 3.6137891e-08
 0 0 1
 0 4 10 5
 11.23869 10.635126 9.4890985
 -0.68225384 0.7311154 -9.1694396e-08
 -0.73111522 -0.68225396 3.6137891e-08
 0 0 1
 0 4 10 6
 11.23869 10.635126 15.864499
 -0.68225384 0.7311154 -9.1694396e-08
 -0.73111522 -0.68225396 3.6137891e-08
 0 0 1
 0 4 11 1
 9.3723183 13.806375 -16.012501
 -0.82373065 0.56698143 -6.4977051e-08
 -0.5669812 -0.82373065 3.4157125e-08
 0 0 1
 0 4 11 2
 9.3723183 13.806375 -9.6371012
 -0.82373065 0.56698143 -6.4977051e-08
 -0.5669812 -0.82373065 3.4157125e-08
 0 0 1
 0 4 11 3
 9.3723183 13.806375 -3.2617006
 -0.82373065 0.56698143 -6.4977051e-08
 -0.5669812 -0.82373065 3.4157125e-08
 0 0 1
 0 4 11 4
 9.3723183 13.806375 3.1136994
 -0.82373065 0.56698143 -6.4977051e-08
 -0.5669812 -0.82373065 3.4157125e-08
 0 0 1
 0 4 11 5
 9.3723183 13.806375 9.4890985
 -0.82373065 0.56698143 -6.4977051e-08
 -0.5669812 -0.82373065 3.4157125e-08
 0 0 1
 0 4 11 6
 9.3723183 13.806375 15.864499
 -0.82373065 0.56698143 -6.4977051e-08
 -0.5669812 -0.82373065 3.4157125e-08
 0 0 1
 0 4 12 1
 6.740159 16.389082 -16.005541
 -0.92070949 0.39024886 -4.1048438e-08
 -0.39024872 -0.92070943 2.7184839e-08
 0 0 1
 0 4 12 2
 6.740159 16.389082 -9.6301413
 -0.92070949 0.39024886 -4.1048438e-08
 -0.39024872 -0.92070943 2.7184839e-08
 0 0 1
 0 4 12 3
 6.740159 16.389082 -3.2547407
 -0.92070949 0.39024886 -4.1048438e-08
 -0.39024872 -0.92070943 2.7184839e-08
 0 0 1
 0 4 12 4
 6.740159 16.389082 3.1206594
 -0.92070949 0.39024886 -4.1048438e-08
 -0.39024872 -0.92070943 2.7184839e-08
 0 0 1
 0 4 12 5
 6.740159 16.389082 9.4960585
 -0.92070949 0.39024886 -4.1048438e-08
 -0.39024872 -0.92070943 2.7184839e-08
 0 0 1
 0 4 12 6
 6.740159 16.389082 15.871459
 -0.92070949 0.39024886 -4.1048438e-08
 -0.39024872 -0.92070943 2.7184839e-08
 0 0 1
 0 4 13 1
 -6.7488732 16.390463 15.943554
 0.92070925 0.39024913 -1.1460762e-07
 0.39024913 -0.92070931 4.6374314e-08
 -8.7422777e-08 0 -1
 0 4 13 2
 -6.7488737 16.390463 9.5681553
 0.92070925 0.39024913 -1.1460762e-07
 0.39024913 -0.92070931 4.6374314e-08
 -8.7422777e-08 0 -1
 0 4 13 3
 -6.7488747 16.390463 3.192755
 0.92070925 0.39024913 -1.1460762e-07
 0.39024913 -0.92070931 4.6374314e-08
 -8.7422777e-08 0 -1
 0 4 13 4
 -6.7488751 16.390463 -3.1826451
 0.92070925 0.39024913 -1.1460762e-07
 0.39024913 -0.92070931 4.6374314e-08
 -8.7422777e-08 0 -1
 0 4 13 5
 -6.7488756 16.390463 -9.5580444
 0.92070925 0.39024913 -1.1460762e-07
 0.39024913 -0.92070931 4.6374314e-08
 -8.7422777e-08 0 -1
 0 4 13 6
 -6.7488761 16.390463 -15.933445
 0.92070925 0.39024913 -1.1460762e-07
 0.39024913 -0.92070931 4.6374314e-08
 -8.7422777e-08 0 -1
 0 4 14 1
 -9.3735266 13.805539 16.004599
 0.82373041 0.56698155 -1.2157989e-07
 0.56698155 -0.82373047 2.2445709e-08
 -8.7422777e-08 0 -1
 0 4 14 2
 -9.3735275 13.805539 9.629199
 0.82373041 0.56698155 -1.2157989e-07
 0.56698155 -0.82373047 2.2445709e-08
 -8.7422777e-08 0 -1
 0 4 14 3
 -9.3735275 13.805539 3.2537985
 0.82373041 0.56698155 -1.2157989e-07
 0.56698155 -0.82373047 2.2445709e-08
 -8.7422777e-08 0 -1
 0 4 14 4
 -9.3735285 13.805539 -3.1216016
 0.82373041 0.56698155 -1.2157989e-07
 0.56698155 -0.82373047 2.2445709e-08
 -8.7422777e-08 0 -1
 0 4 14 5
 -9.3735294 13.805539 -9.4970007
 0.82373041 0.56698155 -1.2157989e-07
 0.56698155 -0.82373047 2.2445709e-08
 -8.7422777e-08 0 -1
 0 4 14 6
 -9.3735294 13.805539 -15.872401
 0.82373041 0.56698155 -1.2157989e-07
 0.56698155 -0.82373047 2.2445709e-08
 -8.7422777e-08 0 -1
 0 4 15 1
 -11.22511 10.601047 15.987712
 0.6822536 0.73111552 -1.2356065e-07
 0.73111552 -0.68225372 -4.2716302e-09
 -8.7422777e-08 0 -1
 0 4 15 2
 -11.22511 10.601047 9.6123123
 0.6822536 0.73111552 -1.2356065e-07
 0.73111552 -0.68225372 -4.2716302e-09
 -8.7422777e-08 0 -1
 0 4 15 3
 -11.225111 10.601047 3.236912
 0.6822536 0.73111552 -1.2356065e-07
 0.73111552 -0.68225372 -4.2716302e-09
 -8.7422777e-08 0 -1
 0 4 15 4
 -11.225112 10.601047 -3.1384881
 0.6822536 0.73111552 -1.2356065e-07
 0.73111552 -0.68225372 -4.2716302e-09
 -8.7422777e-08 0 -1
 0 4 15 5
 -11.225112 10.601047 -9.5138874
 0.6822536 0.73111552 -1.2356065e-07
 0.73111552 -0.68225372 -4.2716302e-09
 -8.7422777e-08 0 -1
 0 4 15 6
 -11.225112 10.601047 -15.889288
 0.6822536 0.73111552 -1.2356065e-07
 0.73111552 -0.68225372 -4.2716302e-09
 -8.7422777e-08 0 -1
 0 4 16 1
 -15.243036 9.2861109 15.987159
 0.51473868 0.85734707 -1.1995155e-07
 0.85734713 -0.51473886 -2.9951764e-08
 -8.7422777e-08 0 -1
 0 4 16 2
 -15.243036 9.2861109 9.6117582
 0.51473868 0.85734707 -1.1995155e-07
 0.85734713 -0.51473886 -2.9951764e-08
 -8.7422777e-08 0 -1
 0 4 16 3
 -15.243037 9.2861109 3.2363575
 0.51473868 0.85734707 -1.1995155e-07
 0.85734713 -0.51473886 -2.9951764e-08
 -8.7422777e-08 0 -1
 0 4 16 4
 -15.243037 9.2861109 -3.1390426
 0.51473868 0.85734707 -1.1995155e-07
 0.85734713 -0.51473886 -2.9951764e-08
 -8.7422777e-08 0 -1
 0 4 16 5
 -15.243039 9.2861109 -9.5144415
 0.51473868 0.85734707 -1.1995155e-07
 0.85734713 -0.51473886 -2.9951764e-08
 -8.7422777e-08 0 -1
 0 4 16 6
 -15.243039 9.2861109 -15.889842
 0.51473868 0.85734707 -1.1995155e-07
 0.85734713 -0.51473886 -2.9951764e-08
 -8.7422777e-08 0 -1
 0 4 17 1
 -15.692873 5.673594 16.004601
 0.3323257 0.94316465 -1.1150691e-07
 0.94316465 -0.33232585 -5.3401223e-08
 -8.7422777e-08 0 -1
 0 4 17 2
 -15.692874 5.673594 9.6292
 0.3323257 0.94316465 -1.1150691e-07
 0.94316465 -0.33232585 -5.3401223e-08
 -8.7422777e-08 0 -1
 0 4 17 3
 -15.692874 5.673594 3.2537999
 0.3323257 0.94316465 -1.1150691e-07
 0.94316465 -0.33232585 -5.3401223e-08
 -8.7422777e-08 0 -1
 0 4 17 4
 -15.692876 5.673594 -3.1216002
 0.3323257 0.94316465 -1.1150691e-07
 0.94316465 -0.33232585 -5.3401223e-08
 -8.7422777e-08 0 -1
 0 4 17 5
 -15.692878 5.6735945 -9.4969997
 0.3323257 0.94316465 -1.1150691e-07
 0.94316465 -0.33232585 -5.3401223e-08
 -8.7422777e-08 0 -1
 0 4 17 6
 -15.692878 5.6735945 -15.8724
 0.3323257 0.94316465 -1.1150691e-07
 0.94316465 -0.33232585 -5.3401223e-08
 -8.7422777e-08 0 -1
 0 4 18 1
 -15.380699 1.9710072 15.986253
 0.12134955 0.9926098 -9.7385431e-08
 0.9926098 -0.12134969 -7.6167971e-08
 -8.7422777e-08 0 -1
 0 4 18 2
 -15.3807 1.9710072 9.6108522
 0.12134955 0.9926098 -9.7385431e-08
 0.9926098 -0.12134969 -7.6167971e-08
 -8.7422777e-08 0 -1
 0 4 18 3
 -15.3807 1.9710072 3.2354529
 0.12134955 0.9926098 -9.7385431e-08
 0.9926098 -0.12134969 -7.6167971e-08
 -8.7422777e-08 0 -1
 0 4 18 4
 -15.3807 1.9710072 -3.1399472
 0.12134955 0.9926098 -9.7385431e-08
 0.9926098 -0.12134969 -7.6167971e-08
 -8.7422777e-08 0 -1
 0 4 18 5
 -15.3807 1.9710072 -9.5153475
 0.12134955 0.9926098 -9.7385431e-08
 0.9926098 -0.12134969 -7.6167971e-08
 -8.7422777e-08 0 -1
 0 4 18 6
 -15.380702 1.9710072 -15.890748
 0.12134955 0.9926098 -9.7385431e-08
 0.9926098 -0.12134969 -7.6167971e-08
 -8.7422777e-08 0 -1
 0 4 19 1
 -17.841093 -1.4632269 16.004601
 -0.088372804 0.99608749 -7.9354955e-08
 0.99608749 0.088372715 -9.4806531e-08
 -8.7422777e-08 0 -1
 0 4 19 2
 -17.841093 -1.4632269 9.6292009
 -0.088372804 0.99608749 -7.9354955e-08
 0.99608749 0.088372715 -9.4806531e-08
 -8.7422777e-08 0 -1
 0 4 19 3
 -17.841093 -1.4632269 3.2538004
 -0.088372804 0.99608749 -7.9354955e-08
 0.99608749 0.088372715 -9.4806531e-08
 -8.7422777e-08 0 -1
 0 4 19 4
 -17.841095 -1.4632269 -3.1215997
 -0.088372804 0.99608749 -7.9354955e-08
 0.99608749 0.088372715 -9.4806531e-08
 -8.7422777e-08 0 -1
 0 4 19 5
 -17.841095 -1.4632269 -9.4969988
 -0.088372804 0.99608749 -7.9354955e-08
 0.99608749 0.088372715 -9.4806531e-08
 -8.7422777e-08 0 -1
 0 4 19 6
 -17.841095 -1.4632269 -15.872399
 -0.088372804 0.99608749 -7.9354955e-08
 0.99608749 0.088372715 -9.4806531e-08
 -8.7422777e-08 0 -1
 0 4 20 1
 -16.04669 -4.6793213 15.989606
 -0.28635737 0.95812291 -5.8727615e-08
 0.95812291 0.28635728 -1.0879592e-07
 -8.7422777e-08 0 -1
 0 4 20 2
 -16.04669 -4.6793213 9.6142054
 -0.28635737 0.95812291 -5.8727615e-08
 0.95812291 0.28635728 -1.0879592e-07
 -8.7422777e-08 0 -1
 0 4 20 3
 -16.04669 -4.6793213 3.2388055
 -0.28635737 0.95812291 -5.8727615e-08
 0.95812291 0.28635728 -1.0879592e-07
 -8.7422777e-08 0 -1
 0 4 20 4
 -16.04669 -4.6793213 -3.1365945
 -0.28635737 0.95812291 -5.8727615e-08
 0.95812291 0.28635728 -1.0879592e-07
 -8.7422777e-08 0 -1
 0 4 20 5
 -16.046692 -4.6793213 -9.5119944
 -0.28635737 0.95812291 -5.8727615e-08
 0.95812291 0.28635728 -1.0879592e-07
 -8.7422777e-08 0 -1
 0 4 20 6
 -16.046692 -4.6793213 -15.887395
 -0.28635737 0.95812291 -5.8727615e-08
 0.95812291 0.28635728 -1.0879592e-07
 -8.7422777e-08 0 -1
 0 4 21 1
 -13.594405 -7.4227133 15.999604
 -0.48603049 0.8739419 -3.3912293e-08
 0.87394184 0.48603034 -1.1889255e-07
 -8.7422777e-08 0 -1
 0 4 21 2
 -13.594405 -7.4227133 9.6242046
 -0.48603049 0.8739419 -3.3912293e-08
 0.87394184 0.48603034 -1.1889255e-07
 -8.7422777e-08 0 -1
 0 4 21 3
 -13.594405 -7.4227133 3.2488039
 -0.48603049 0.8739419 -3.3912293e-08
 0.87394184 0.48603034 -1.1889255e-07
 -8.7422777e-08 0 -1
 0 4 21 4
 -13.594406 -7.4227133 -3.1265962
 -0.48603049 0.8739419 -3.3912293e-08
 0.87394184 0.48603034 -1.1889255e-07
 -8.7422777e-08 0 -1
 0 4 21 5
 -13.594406 -7.4227133 -9.5019951
 -0.48603049 0.8739419 -3.3912293e-08
 0.87394184 0.48603034 -1.1889255e-07
 -8.7422777e-08 0 -1
 0 4 21 6
 -13.594407 -7.4227133 -15.877396
 -0.48603049 0.8739419 -3.3912293e-08
 0.87394184 0.48603034 -1.1889255e-07
 -8.7422777e-08 0 -1
 0 4 22 1
 -13.533344 -11.651084 15.970292
