 SVX cage parameters:
   2.2000000
  0.50000000      0.20000000
   0.0000000
           6
  -40.000000      -26.500000      -26.500000       26.500000       26.500000       40.000000
   53.000000       53.000000       22.000000       22.000000       53.000000       53.000000
   0.0000000       0.0000000       0.0000000
 SVX barrel parameters:
4
2.63 5.13 11.765 16.687 1.214 
0 0 0 0 
4 4 5 6 
0.696 0.696 1.745 1.745 
0.01 0.01 0.03125 0.03125 
2.836 2.836 3.1877 3.1877 
0.019 0.019 0 0 
0.02 0.02 0 0 
26.7 13.6 17 12 
-13 -13.02 0 0 
2
5 5
   0.0000000       180.00000
2
10 10
   0.0000000       180.00000
2
8 8
   0.0000000       180.00000
2
12 12
   0.0000000       180.00000
 SVX barrel sensor rotation matrices and translation vectors

 0 1 1 1
 1.5691493 -2.0803361 8.5949211
 0.64813977 0.76152152 0
 -0.76152152 0.64813977 0
 0 0 1
 0 1 1 2
 1.5691493 -2.0803361 2.90292
 0.64813977 0.76152152 0
 -0.76152152 0.64813977 0
 0 0 1
 0 1 1 3
 1.5691493 -2.0803361 -2.7890799
 0.64813977 0.76152152 0
 -0.76152152 0.64813977 0
 0 0 1
 0 1 1 4
 1.5691493 -2.0803361 -8.4810791
 0.64813977 0.76152152 0
 -0.76152152 0.64813977 0
 0 0 1
 0 1 2 1
 2.3300047 -1.1341046 8.6025229
 0.23686297 0.97154301 0
 -0.97154301 0.23686297 0
 0 0 1
 0 1 2 2
 2.3300047 -1.1341046 2.9105232
 0.23686297 0.97154301 0
 -0.97154301 0.23686297 0
 0 0 1
 0 1 2 3
 2.3300047 -1.1341046 -2.7814767
 0.23686297 0.97154301 0
 -0.97154301 0.23686297 0
 0 0 1
 0 1 2 4
 2.3300047 -1.1341046 -8.4734774
 0.23686297 0.97154301 0
 -0.97154301 0.23686297 0
 0 0 1
 0 1 3 1
 2.5801814 0.046851248 8.6079712
 -0.22492619 0.97437578 0
 -0.97437578 -0.22492619 0
 0 0 1
 0 1 3 2
 2.5801814 0.046851248 2.9159708
 -0.22492619 0.97437578 0
 -0.97437578 -0.22492619 0
 0 0 1
 0 1 3 3
 2.5801814 0.046851248 -2.7760293
 -0.22492619 0.97437578 0
 -0.97437578 -0.22492619 0
 0 0 1
 0 1 3 4
 2.5801814 0.046851248 -8.468029
 -0.22492619 0.97437578 0
 -0.97437578 -0.22492619 0
 0 0 1
 0 1 4 1
 2.2748029 1.2210267 8.6065502
 -0.63874781 0.76941603 0
 -0.76941603 -0.63874781 0
 0 0 1
 0 1 4 2
 2.2748029 1.2210267 2.9145522
 -0.63874781 0.76941603 0
 -0.76941603 -0.63874781 0
 0 0 1
 0 1 4 3
 2.2748029 1.2210267 -2.7774477
 -0.63874781 0.76941603 0
 -0.76941603 -0.63874781 0
 0 0 1
 0 1 4 4
 2.2748029 1.2210267 -8.46945
 -0.63874781 0.76941603 0
 -0.76941603 -0.63874781 0
 0 0 1
 0 1 5 1
 1.4704204 2.1255534 8.6047535
 -0.91635257 0.40037239 0
 -0.40037239 -0.91635257 0
 0 0 1
 0 1 5 2
 1.4704204 2.1255534 2.9127541
 -0.91635257 0.40037239 0
 -0.40037239 -0.91635257 0
 0 0 1
 0 1 5 3
 1.4704204 2.1255534 -2.7792461
 -0.91635257 0.40037239 0
 -0.40037239 -0.91635257 0
 0 0 1
 0 1 5 4
 1.4704204 2.1255534 -8.4712467
 -0.91635257 0.40037239 0
 -0.40037239 -0.91635257 0
 0 0 1
 0 1 6 1
 -1.5967183 2.1142905 -8.5503702
 0.91635239 0.40037259 0
 0.40037259 -0.91635239 0
 0 0 -1
 0 1 6 2
 -1.5967178 2.1142905 -2.8583705
 0.91635239 0.40037259 0
 0.40037259 -0.91635239 0
 0 0 -1
 0 1 6 3
 -1.5967174 2.1142905 2.8336291
 0.91635239 0.40037259 0
 0.40037259 -0.91635239 0
 0 0 -1
 0 1 6 4
 -1.596717 2.1142905 8.52563
 0.91635239 0.40037259 0
 0.40037259 -0.91635239 0
 0 0 -1
 0 1 7 1
 -2.4008133 1.2122641 -8.5525999
 0.63874805 0.76941597 0
 0.76941597 -0.63874805 0
 0 0 -1
 0 1 7 2
 -2.4008129 1.2122641 -2.8606007
 0.63874805 0.76941597 0
 0.76941597 -0.63874805 0
 0 0 -1
 0 1 7 3
 -2.4008124 1.2122641 2.8313992
 0.63874805 0.76941597 0
 0.76941597 -0.63874805 0
 0 0 -1
 0 1 7 4
 -2.4008119 1.2122641 8.5234003
 0.63874805 0.76941597 0
 0.76941597 -0.63874805 0
 0 0 -1
 0 1 8 1
 -2.7070925 0.045306984 -8.5588493
 0.22492608 0.97437578 0
 0.97437578 -0.22492608 0
 0 0 -1
 0 1 8 2
 -2.707092 0.045306984 -2.8668489
 0.22492608 0.97437578 0
 0.97437578 -0.22492608 0
 0 0 -1
 0 1 8 3
 -2.7070916 0.045306955 2.825151
 0.22492608 0.97437578 0
 0.97437578 -0.22492608 0
 0 0 -1
 0 1 8 4
 -2.7070906 0.045306955 8.5171509
 0.22492608 0.97437578 0
 0.97437578 -0.22492608 0
 0 0 -1
 0 1 9 1
 -2.4553869 -1.1370308 -8.5573397
 -0.23686306 0.97154307 0
 0.97154307 0.23686306 0
 0 0 -1
 0 1 9 2
 -2.4553864 -1.1370308 -2.8653386
 -0.23686306 0.97154307 0
 0.97154307 0.23686306 0
 0 0 -1
 0 1 9 3
 -2.4553859 -1.1370308 2.8266616
 -0.23686306 0.97154307 0
 0.97154307 0.23686306 0
 0 0 -1
 0 1 9 4
 -2.4553854 -1.1370308 8.5186605
 -0.23686306 0.97154307 0
 0.97154307 0.23686306 0
 0 0 -1
 0 1 10 1
 -1.6946906 -2.0764873 -8.5582094
 -0.64813924 0.76152176 0
 0.76152176 0.64813924 0
 0 0 -1
 0 1 10 2
 -1.6946901 -2.0764873 -2.8662095
 -0.64813924 0.76152176 0
 0.76152176 0.64813924 0
 0 0 -1
 0 1 10 3
 -1.6946896 -2.0764873 2.8257904
 -0.64813924 0.76152176 0
 0.76152176 0.64813924 0
 0 0 -1
 0 1 10 4
 -1.6946892 -2.0764873 8.5177908
 -0.64813924 0.76152176 0
 0.76152176 0.64813924 0
 0 0 -1
 0 2 1 1
 2.523514 -4.5086098 8.604044
 0.74525201 0.66678286 0
 -0.66678286 0.74525201 0
 0 0 1
 0 2 1 2
 2.523514 -4.5086098 2.912044
 0.74525201 0.66678286 0
 -0.66678286 0.74525201 0
 0 0 1
 0 2 1 3
 2.523514 -4.5086098 -2.7799559
 0.74525201 0.66678286 0
 -0.66678286 0.74525201 0
 0 0 1
 0 2 1 4
 2.523514 -4.5086098 -8.4719563
 0.74525201 0.66678286 0
 -0.66678286 0.74525201 0
 0 0 1
 0 2 2 1
 3.5199831 -3.8034747 8.5815868
 0.56756717 0.82332718 0
 -0.82332718 0.56756717 0
 0 0 1
 0 2 2 2
 3.5199831 -3.8034747 2.8895869
 0.56756717 0.82332718 0
 -0.82332718 0.56756717 0
 0 0 1
 0 2 2 3
 3.5199831 -3.8034747 -2.802413
 0.56756717 0.82332718 0
 -0.82332718 0.56756717 0
 0 0 1
 0 2 2 4
 3.5199831 -3.8034747 -8.4944134
 0.56756717 0.82332718 0
 -0.82332718 0.56756717 0
 0 0 1
 0 2 3 1
 4.3007789 -2.8532038 8.5824776
 0.35805473 0.93370068 0
 -0.93370068 0.35805473 0
 0 0 1
 0 2 3 2
 4.3007789 -2.8532038 2.8904765
 0.35805473 0.93370068 0
 -0.93370068 0.35805473 0
 0 0 1
 0 2 3 3
 4.3007789 -2.8532038 -2.8015234
 0.35805473 0.93370068 0
 -0.93370068 0.35805473 0
 0 0 1
 0 2 3 4
 4.3007789 -2.8532038 -8.4935226
 0.35805473 0.93370068 0
 -0.93370068 0.35805473 0
 0 0 1
 0 2 4 1
 4.8614149 -1.7617577 8.5793467
 0.12846246 0.99171436 0
 -0.99171436 0.12846246 0
 0 0 1
 0 2 4 2
 4.8614149 -1.7617577 2.8873448
 0.12846246 0.99171436 0
 -0.99171436 0.12846246 0
 0 0 1
 0 2 4 3
 4.8614149 -1.7617577 -2.8046553
 0.12846246 0.99171436 0
 -0.99171436 0.12846246 0
 0 0 1
 0 2 4 4
 4.8614149 -1.7617577 -8.4966536
 0.12846246 0.99171436 0
 -0.99171436 0.12846246 0
 0 0 1
 0 2 5 1
 5.1384101 -0.56014544 8.5796432
 -0.1083333 0.99411464 0
 -0.99411464 -0.1083333 0
 0 0 1
 0 2 5 2
 5.1384101 -0.56014544 2.8876421
 -0.1083333 0.99411464 0
 -0.99411464 -0.1083333 0
 0 0 1
 0 2 5 3
 5.1384101 -0.56014544 -2.8043578
 -0.1083333 0.99411464 0
 -0.99411464 -0.1083333 0
 0 0 1
 0 2 5 4
 5.1384101 -0.56014544 -8.496357
 -0.1083333 0.99411464 0
 -0.99411464 -0.1083333 0
 0 0 1
 0 2 6 1
 5.1224508 0.67256808 8.5800371
 -0.33905396 0.94076693 0
 -0.94076693 -0.33905396 0
 0 0 1
 0 2 6 2
 5.1224508 0.67256808 2.8880355
 -0.33905396 0.94076693 0
 -0.94076693 -0.33905396 0
 0 0 1
 0 2 6 3
 5.1224508 0.67256808 -2.8039644
 -0.33905396 0.94076693 0
 -0.94076693 -0.33905396 0
 0 0 1
 0 2 6 4
 5.1224508 0.67256808 -8.4959641
 -0.33905396 0.94076693 0
 -0.94076693 -0.33905396 0
 0 0 1
 0 2 7 1
 4.8184199 1.8753097 8.5878096
 -0.5507611 0.83466291 0
 -0.83466291 -0.5507611 0
 0 0 1
 0 2 7 2
 4.8184199 1.8753097 2.8958099
 -0.5507611 0.83466291 0
 -0.83466291 -0.5507611 0
 0 0 1
 0 2 7 3
 4.8184199 1.8753097 -2.79619
 -0.5507611 0.83466291 0
 -0.83466291 -0.5507611 0
 0 0 1
 0 2 7 4
 4.8184199 1.8753097 -8.4881907
 -0.5507611 0.83466291 0
 -0.83466291 -0.5507611 0
 0 0 1
 0 2 8 1
 4.2314692 2.964509 8.5876341
 -0.73158258 0.68175286 0
 -0.68175286 -0.73158258 0
 0 0 1
 0 2 8 2
 4.2314692 2.964509 2.8956342
 -0.73158258 0.68175286 0
 -0.68175286 -0.73158258 0
 0 0 1
 0 2 8 3
 4.2314692 2.964509 -2.7963657
 -0.73158258 0.68175286 0
 -0.68175286 -0.73158258 0
 0 0 1
 0 2 8 4
 4.2314692 2.964509 -8.4883661
 -0.73158258 0.68175286 0
 -0.68175286 -0.73158258 0
 0 0 1
 0 2 9 1
 3.4047716 3.8703535 8.5923262
 -0.87137854 0.49061114 0
 -0.49061114 -0.87137854 0
 0 0 1
 0 2 9 2
 3.4047716 3.8703535 2.9003274
 -0.87137854 0.49061114 0
 -0.49061114 -0.87137854 0
 0 0 1
 0 2 9 3
 3.4047716 3.8703535 -2.7916722
 -0.87137854 0.49061114 0
 -0.49061114 -0.87137854 0
 0 0 1
 0 2 9 4
 3.4047716 3.8703535 -8.483674
 -0.87137854 0.49061114 0
 -0.49061114 -0.87137854 0
 0 0 1
 0 2 10 1
 2.3912659 4.5671329 8.6137514
 -0.96230936 0.27195698 0
 -0.27195698 -0.96230936 0
 0 0 1
 0 2 10 2
 2.3912659 4.5671329 2.921751
 -0.96230936 0.27195698 0
 -0.27195698 -0.96230936 0
 0 0 1
 0 2 10 3
 2.3912659 4.5671329 -2.7702489
 -0.96230936 0.27195698 0
 -0.27195698 -0.96230936 0
 0 0 1
 0 2 10 4
 2.3912659 4.5671329 -8.4622488
 -0.96230936 0.27195698 0
 -0.27195698 -0.96230936 0
 0 0 1
 0 2 11 1
 -2.447978 4.5564032 -8.587265
 0.96230942 0.27195695 0
 0.27195695 -0.96230942 0
 0 0 -1
 0 2 11 2
 -2.4479775 4.5564032 -2.8952663
 0.96230942 0.27195695 0
 0.27195695 -0.96230942 0
 0 0 -1
 0 2 11 3
 -2.4479771 4.5564032 2.7967336
 0.96230942 0.27195695 0
 0.27195695 -0.96230942 0
 0 0 -1
 0 2 11 4
 -2.4479766 4.5564032 8.4887342
 0.96230942 0.27195695 0
 0.27195695 -0.96230942 0
 0 0 -1
 0 2 12 1
 -3.5311666 3.8588097 -8.5408316
 0.8713786 0.49061114 0
 0.49061114 -0.8713786 0
 0 0 -1
 0 2 12 2
 -3.5311661 3.8588097 -2.8488309
 0.8713786 0.49061114 0
 0.49061114 -0.8713786 0
 0 0 -1
 0 2 12 3
 -3.5311656 3.8588097 2.843169
 0.8713786 0.49061114 0
 0.49061114 -0.8713786 0
 0 0 -1
 0 2 12 4
 -3.5311651 3.8588097 8.5351686
 0.8713786 0.49061114 0
 0.49061114 -0.8713786 0
 0 0 -1
 0 2 13 1
 -4.344758 2.9372342 -8.5530758
 0.73158276 0.6817525 0
 0.6817525 -0.73158276 0
 0 0 -1
 0 2 13 2
 -4.344758 2.9372342 -2.8610759
 0.73158276 0.6817525 0
 0.6817525 -0.73158276 0
 0 0 -1
 0 2 13 3
 -4.344758 2.9372342 2.830924
 0.73158276 0.6817525 0
 0.6817525 -0.73158276 0
 0 0 -1
 0 2 13 4
 -4.3447571 2.9372342 8.5229244
 0.73158276 0.6817525 0
 0.6817525 -0.73158276 0
 0 0 -1
 0 2 14 1
 -4.9242725 1.8527454 -8.5498505
 0.5507611 0.83466291 0
 0.83466291 -0.5507611 0
 0 0 -1
 0 2 14 2
 -4.9242725 1.8527454 -2.8578479
 0.5507611 0.83466291 0
 0.83466291 -0.5507611 0
 0 0 -1
 0 2 14 3
 -4.9242716 1.8527454 2.8341522
 0.5507611 0.83466291 0
 0.83466291 -0.5507611 0
 0 0 -1
 0 2 14 4
 -4.9242716 1.8527454 8.5261497
 0.5507611 0.83466291 0
 0.83466291 -0.5507611 0
 0 0 -1
 0 2 15 1
 -5.2390079 0.66765082 -8.5539026
 0.33905399 0.94076687 0
 0.94076687 -0.33905399 0
 0 0 -1
 0 2 15 2
 -5.2390079 0.66765082 -2.8619034
 0.33905399 0.94076687 0
 0.94076687 -0.33905399 0
 0 0 -1
 0 2 15 3
 -5.239007 0.66765082 2.8300965
 0.33905399 0.94076687 0
 0.94076687 -0.33905399 0
 0 0 -1
 0 2 15 4
 -5.239007 0.66765082 8.5220976
 0.33905399 0.94076687 0
 0.94076687 -0.33905399 0
 0 0 -1
 0 2 16 1
 -5.2566204 -0.56108344 -8.5563736
 0.10833333 0.99411464 0
 0.99411464 -0.10833333 0
 0 0 -1
 0 2 16 2
 -5.2566204 -0.56108344 -2.8643754
 0.10833333 0.99411464 0
 0.99411464 -0.10833333 0
 0 0 -1
 0 2 16 3
 -5.2566195 -0.56108344 2.8276246
 0.10833333 0.99411464 0
 0.99411464 -0.10833333 0
 0 0 -1
 0 2 16 4
 -5.2566195 -0.56108344 8.5196266
 0.10833333 0.99411464 0
 0.99411464 -0.10833333 0
 0 0 -1
 0 2 17 1
 -4.9834504 -1.7641685 -8.558917
 -0.12846243 0.99171436 0
 0.99171436 0.12846243 0
 0 0 -1
 0 2 17 2
 -4.9834495 -1.7641685 -2.8669176
 -0.12846243 0.99171436 0
 0.99171436 0.12846243 0
 0 0 -1
 0 2 17 3
 -4.9834485 -1.7641685 2.8250823
 -0.12846243 0.99171436 0
 0.99171436 0.12846243 0
 0 0 -1
 0 2 17 4
 -4.9834485 -1.7641685 8.5170832
 -0.12846243 0.99171436 0
 0.99171436 0.12846243 0
 0 0 -1
 0 2 18 1
 -4.4346795 -2.8680282 -8.5776329
 -0.35805428 0.93370074 0
 0.93370074 0.35805428 0
 0 0 -1
 0 2 18 2
 -4.4346786 -2.8680282 -2.8856344
 -0.35805428 0.93370074 0
 0.93370074 0.35805428 0
 0 0 -1
 0 2 18 3
 -4.4346786 -2.8680282 2.8063655
 -0.35805428 0.93370074 0
 0.93370074 0.35805428 0
 0 0 -1
 0 2 18 4
 -4.4346776 -2.8680282 8.4983683
 -0.35805428 0.93370074 0
 0.93370074 0.35805428 0
 0 0 -1
 0 2 19 1
 -3.5554609 -3.7987761 -8.5615263
 -0.56756705 0.82332712 0
 0.82332712 0.56756705 0
 0 0 -1
 0 2 19 2
 -3.5554605 -3.7987761 -2.8695264
 -0.56756705 0.82332712 0
 0.82332712 0.56756705 0
 0 0 -1
 0 2 19 3
 -3.5554595 -3.7987761 2.8224733
 -0.56756705 0.82332712 0
 0.82332712 0.56756705 0
 0 0 -1
 0 2 19 4
 -3.5554595 -3.7987761 8.5144739
 -0.56756705 0.82332712 0
 0.82332712 0.56756705 0
 0 0 -1
 0 2 20 1
 -2.5534053 -4.516283 -8.6268148
 -0.74525195 0.66678298 0
 0.66678298 0.74525195 0
 0 0 -1
 0 2 20 2
 -2.5534048 -4.516283 -2.9348149
 -0.74525195 0.66678298 0
 0.66678298 0.74525195 0
 0 0 -1
 0 2 20 3
 -2.5534043 -4.516283 2.757185
 -0.74525195 0.66678298 0
 0.66678298 0.74525195 0
 0 0 -1
 0 2 20 4
 -2.5534039 -4.516283 8.4491854
 -0.74525195 0.66678298 0
 0.66678298 0.74525195 0
 0 0 -1
 0 3 1 1
 5.7106743 -10.286888 12.6768
 -0.87806648 -0.47853845 1.1859817e-07
 -0.47853863 0.87806654 -3.4927844e-08
 -8.7422777e-08 0 -1
 0 3 1 2
 5.7106738 -10.286888 6.3014007
 -0.87806648 -0.47853845 1.1859817e-07
 -0.47853863 0.87806654 -3.4927844e-08
 -8.7422777e-08 0 -1
 0 3 1 3
 5.7106729 -10.286888 -0.073999606
 -0.87806648 -0.47853845 1.1859817e-07
 -0.47853863 0.87806654 -3.4927844e-08
 -8.7422777e-08 0 -1
 0 3 1 4
 5.7106724 -10.286888 -6.4493995
 -0.87806648 -0.47853845 1.1859817e-07
 -0.47853863 0.87806654 -3.4927844e-08
 -8.7422777e-08 0 -1
 0 3 1 5
 5.7106719 -10.286888 -12.8248
 -0.87806648 -0.47853845 1.1859817e-07
 -0.47853863 0.87806654 -3.4927844e-08
 -8.7422777e-08 0 -1
 0 3 2 1
 7.5907917 -7.0683999 12.779227
 -0.68670678 -0.72693443 1.2358444e-07
 -0.72693437 0.68670702 3.5167886e-09
 -8.7422777e-08 0 -1
 0 3 2 2
 7.5907907 -7.0683999 6.4038281
 -0.68670678 -0.72693443 1.2358444e-07
 -0.72693437 0.68670702 3.5167886e-09
 -8.7422777e-08 0 -1
 0 3 2 3
 7.5907903 -7.0683999 0.028427899
 -0.68670678 -0.72693443 1.2358444e-07
 -0.72693437 0.68670702 3.5167886e-09
 -8.7422777e-08 0 -1
 0 3 2 4
 7.5907898 -7.0683999 -6.346972
 -0.68670678 -0.72693443 1.2358444e-07
 -0.72693437 0.68670702 3.5167886e-09
 -8.7422777e-08 0 -1
 0 3 2 5
 7.5907893 -7.0683999 -12.722373
 -0.68670678 -0.72693443 1.2358444e-07
 -0.72693437 0.68670702 3.5167886e-09
 -8.7422777e-08 0 -1
 0 3 3 1
 11.514871 -5.577239 12.724447
 -0.44166213 -0.89718139 1.1704542e-07
 -0.89718139 0.4416624 3.982273e-08
 -8.7422777e-08 0 -1
 0 3 3 2
 11.514871 -5.577239 6.3490477
 -0.44166213 -0.89718139 1.1704542e-07
 -0.89718139 0.4416624 3.982273e-08
 -8.7422777e-08 0 -1
 0 3 3 3
 11.514868 -5.577239 -0.026352501
 -0.44166213 -0.89718139 1.1704542e-07
 -0.89718139 0.4416624 3.982273e-08
 -8.7422777e-08 0 -1
 0 3 3 4
 11.514868 -5.577239 -6.4017525
 -0.44166213 -0.89718139 1.1704542e-07
 -0.89718139 0.4416624 3.982273e-08
 -8.7422777e-08 0 -1
 0 3 3 5
 11.514868 -5.577239 -12.777153
 -0.44166213 -0.89718139 1.1704542e-07
 -0.89718139 0.4416624 3.982273e-08
 -8.7422777e-08 0 -1
 0 3 4 1
 11.621121 -1.9736623 12.768282
 -0.17622556 -0.98434979 1.0146073e-07
 -0.98434979 0.17622574 7.0648454e-08
 -8.7422777e-08 0 -1
 0 3 4 2
 11.621119 -1.9736623 6.3928814
 -0.17622556 -0.98434979 1.0146073e-07
 -0.98434979 0.17622574 7.0648454e-08
 -8.7422777e-08 0 -1
 0 3 4 3
 11.621119 -1.9736623 0.017481077
 -0.17622556 -0.98434979 1.0146073e-07
 -0.98434979 0.17622574 7.0648454e-08
 -8.7422777e-08 0 -1
 0 3 4 4
 11.621119 -1.9736623 -6.3579187
 -0.17622556 -0.98434979 1.0146073e-07
 -0.98434979 0.17622574 7.0648454e-08
 -8.7422777e-08 0 -1
 0 3 4 5
 11.621119 -1.9736623 -12.733319
 -0.17622556 -0.98434979 1.0146073e-07
 -0.98434979 0.17622574 7.0648454e-08
 -8.7422777e-08 0 -1
 0 3 5 1
 10.260214 1.5230551 12.714715
 0.13727199 -0.99053341 7.4594489e-08
 -0.99053341 -0.13727181 9.8595862e-08
 -8.7422777e-08 0 -1
 0 3 5 2
 10.260214 1.5230551 6.3393159
 0.13727199 -0.99053341 7.4594489e-08
 -0.99053341 -0.13727181 9.8595862e-08
 -8.7422777e-08 0 -1
 0 3 5 3
 10.260211 1.5230551 -0.036084693
 0.13727199 -0.99053341 7.4594489e-08
 -0.99053341 -0.13727181 9.8595862e-08
 -8.7422777e-08 0 -1
 0 3 5 4
 10.260211 1.5230551 -6.4114842
 0.13727199 -0.99053341 7.4594489e-08
 -0.99053341 -0.13727181 9.8595862e-08
 -8.7422777e-08 0 -1
 0 3 5 5
 10.260211 1.5230551 -12.786885
 0.13727199 -0.99053341 7.4594489e-08
 -0.99053341 -0.13727181 9.8595862e-08
 -8.7422777e-08 0 -1
 0 3 6 1
 11.515949 5.5619044 12.7654
 0.42340913 -0.90593863 4.2184073e-08
 -0.90593857 -0.42340899 1.1621526e-07
 -8.7422777e-08 0 -1
 0 3 6 2
 11.515948 5.5619044 6.3900018
 0.42340913 -0.90593863 4.2184073e-08
 -0.90593857 -0.42340899 1.1621526e-07
 -8.7422777e-08 0 -1
 0 3 6 3
 11.515948 5.5619044 0.014602032
 0.42340913 -0.90593863 4.2184073e-08
 -0.90593857 -0.42340899 1.1621526e-07
 -8.7422777e-08 0 -1
 0 3 6 4
 11.515947 5.5619044 -6.3607984
 0.42340913 -0.90593863 4.2184073e-08
 -0.90593857 -0.42340899 1.1621526e-07
 -8.7422777e-08 0 -1
 0 3 6 5
 11.515947 5.5619044 -12.736199
 0.42340913 -0.90593863 4.2184073e-08
 -0.90593857 -0.42340899 1.1621526e-07
 -8.7422777e-08 0 -1
 0 3 7 1
 8.7193727 7.8140121 12.776195
 0.65750682 -0.75344861 8.3875022e-09
 -0.75344855 -0.6575067 1.2334964e-07
 -8.7422777e-08 0 -1
 0 3 7 2
 8.7193718 7.8140121 6.4007945
 0.65750682 -0.75344861 8.3875022e-09
 -0.75344855 -0.6575067 1.2334964e-07
 -8.7422777e-08 0 -1
 0 3 7 3
 8.7193718 7.8140121 0.02539498
 0.65750682 -0.75344861 8.3875022e-09
 -0.75344855 -0.6575067 1.2334964e-07
 -8.7422777e-08 0 -1
 0 3 7 4
 8.7193708 7.8140121 -6.3500056
 0.65750682 -0.75344861 8.3875022e-09
 -0.75344855 -0.6575067 1.2334964e-07
 -8.7422777e-08 0 -1
 0 3 7 5
 8.7193708 7.8140121 -12.725406
 0.65750682 -0.75344861 8.3875022e-09
 -0.75344855 -0.6575067 1.2334964e-07
 -8.7422777e-08 0 -1
 0 3 8 1
 5.1810651 8.9719648 12.772777
 0.8585127 -0.51279235 -3.0223823e-08
 -0.51279235 -0.85851264 1.1988328e-07
 -8.7422777e-08 0 -1
 0 3 8 2
 5.1810646 8.9719648 6.3973765
 0.8585127 -0.51279235 -3.0223823e-08
 -0.51279235 -0.85851264 1.1988328e-07
 -8.7422777e-08 0 -1
 0 3 8 3
 5.1810641 8.9719648 0.021976814
 0.8585127 -0.51279235 -3.0223823e-08
 -0.51279235 -0.85851264 1.1988328e-07
 -8.7422777e-08 0 -1
 0 3 8 4
 5.1810632 8.9719648 -6.3534236
 0.8585127 -0.51279235 -3.0223823e-08
 -0.51279235 -0.85851264 1.1988328e-07
 -8.7422777e-08 0 -1
 0 3 8 5
 5.1810627 8.9719648 -12.728823
 0.8585127 -0.51279235 -3.0223823e-08
 -0.51279235 -0.85851264 1.1988328e-07
 -8.7422777e-08 0 -1
 0 3 9 1
 -5.2867069 8.8608818 -12.74074
 -0.85851264 -0.51279235 3.246052e-08
 0.51279253 -0.85851264 -5.7198957e-08
 0 0 1
 0 3 9 2
 -5.2867069 8.8608818 -6.3653383
 -0.85851264 -0.51279235 3.246052e-08
 0.51279253 -0.85851264 -5.7198957e-08
 0 0 1
 0 3 9 3
 -5.2867069 8.8608818 0.010061577
 -0.85851264 -0.51279235 3.246052e-08
 0.51279253 -0.85851264 -5.7198957e-08
 0 0 1
 0 3 9 4
 -5.2867069 8.8608818 6.3854618
 -0.85851264 -0.51279235 3.246052e-08
 0.51279253 -0.85851264 -5.7198957e-08
 0 0 1
 0 3 9 5
 -5.2867069 8.8608818 12.76086
 -0.85851264 -0.51279235 3.246052e-08
 0.51279253 -0.85851264 -5.7198957e-08
 0 0 1
 0 3 10 1
 -8.8256121 7.745204 -12.722074
 -0.6575067 -0.75344861 3.592686e-08
 0.75344872 -0.6575067 -9.5810293e-08
 0 0 1
 0 3 10 2
 -8.8256121 7.745204 -6.346673
 -0.6575067 -0.75344861 3.592686e-08
 0.75344872 -0.6575067 -9.5810293e-08
 0 0 1
 0 3 10 3
 -8.8256121 7.745204 0.028727241
 -0.6575067 -0.75344861 3.592686e-08
 0.75344872 -0.6575067 -9.5810293e-08
 0 0 1
 0 3 10 4
 -8.8256121 7.745204 6.4041271
 -0.6575067 -0.75344861 3.592686e-08
 0.75344872 -0.6575067 -9.5810293e-08
 0 0 1
 0 3 10 5
 -8.8256121 7.745204 12.779527
 -0.6575067 -0.75344861 3.592686e-08
 0.75344872 -0.6575067 -9.5810293e-08
 0 0 1
 0 3 11 1
 -11.619703 5.4992867 -12.722878
 -0.42340893 -0.90593863 2.8792485e-08
 0.90593868 -0.42340901 -1.2960686e-07
 0 0 1
 0 3 11 2
 -11.619703 5.4992867 -6.3474755
 -0.42340893 -0.90593863 2.8792485e-08
 0.90593868 -0.42340901 -1.2960686e-07
 0 0 1
 0 3 11 3
 -11.619703 5.4992867 0.027924396
 -0.42340893 -0.90593863 2.8792485e-08
 0.90593868 -0.42340901 -1.2960686e-07
 0 0 1
 0 3 11 4
 -11.619703 5.4992867 6.4033246
 -0.42340893 -0.90593863 2.8792485e-08
 0.90593868 -0.42340901 -1.2960686e-07
 0 0 1
 0 3 11 5
 -11.619703 5.4992867 12.778724
 -0.42340893 -0.90593863 2.8792485e-08
 0.90593868 -0.42340901 -1.2960686e-07
 0 0 1
 0 3 12 1
 -10.283823 1.485612 -12.740428
 -0.13727154 -0.99053347 1.1173078e-08
 0.99053341 -0.13727161 -1.6201729e-07
 0 0 1
 0 3 12 2
 -10.283823 1.485612 -6.3650284
 -0.13727154 -0.99053347 1.1173078e-08
 0.99053341 -0.13727161 -1.6201729e-07
 0 0 1
 0 3 12 3
 -10.283823 1.485612 0.010370739
 -0.13727154 -0.99053347 1.1173078e-08
 0.99053341 -0.13727161 -1.6201729e-07
 0 0 1
 0 3 12 4
 -10.283823 1.485612 6.3857718
 -0.13727154 -0.99053347 1.1173078e-08
 0.99053341 -0.13727161 -1.6201729e-07
 0 0 1
 0 3 12 5
 -10.283823 1.485612 12.76117
 -0.13727154 -0.99053347 1.1173078e-08
 0.99053341 -0.13727161 -1.6201729e-07
 0 0 1
 0 3 13 1
 -11.628289 -1.9701192 -12.730305
 0.17622589 -0.98434979 -1.6774337e-08
 0.98434979 0.17622587 -1.8888352e-07
 0 0 1
 0 3 13 2
 -11.628289 -1.9701192 -6.3549018
 0.17622589 -0.98434979 -1.6774337e-08
 0.98434979 0.17622587 -1.8888352e-07
 0 0 1
 0 3 13 3
 -11.628289 -1.9701192 0.020497572
 0.17622589 -0.98434979 -1.6774337e-08
 0.98434979 0.17622587 -1.8888352e-07
 0 0 1
 0 3 13 4
 -11.628289 -1.9701192 6.3958983
 0.17622589 -0.98434979 -1.6774337e-08
 0.98434979 0.17622587 -1.8888352e-07
 0 0 1
 0 3 13 5
 -11.628289 -1.9701192 12.771298
 0.17622589 -0.98434979 -1.6774337e-08
 0.98434979 0.17622587 -1.8888352e-07
 0 0 1
 0 3 14 1
 -11.592144 -5.5391245 -12.748002
 0.44166255 -0.89718127 -4.7600057e-08
 0.89718127 0.44166246 -2.0446822e-07
 0 0 1
 0 3 14 2
 -11.592144 -5.5391245 -6.372601
 0.44166255 -0.89718127 -4.7600057e-08
 0.89718127 0.44166246 -2.0446822e-07
 0 0 1
 0 3 14 3
 -11.592144 -5.5391245 0.0027987882
 0.44166255 -0.89718127 -4.7600057e-08
 0.89718127 0.44166246 -2.0446822e-07
 0 0 1
 0 3 14 4
 -11.592144 -5.5391245 6.3781991
 0.44166255 -0.89718127 -4.7600057e-08
 0.89718127 0.44166246 -2.0446822e-07
 0 0 1
 0 3 14 5
 -11.592144 -5.5391245 12.753598
 0.44166255 -0.89718127 -4.7600057e-08
 0.89718127 0.44166246 -2.0446822e-07
 0 0 1
 0 3 15 1
 -7.6267915 -7.0104094 -12.750642
 0.68670696 -0.72693437 -8.3905981e-08
 0.72693431 0.68670696 -2.1100723e-07
 0 0 1
 0 3 15 2
 -7.6267915 -7.0104094 -6.3752437
 0.68670696 -0.72693437 -8.3905981e-08
 0.72693431 0.68670696 -2.1100723e-07
 0 0 1
 0 3 15 3
 -7.6267915 -7.0104094 0.0001565367
 0.68670696 -0.72693437 -8.3905981e-08
 0.72693431 0.68670696 -2.1100723e-07
 0 0 1
 0 3 15 4
 -7.6267915 -7.0104094 6.3755565
 0.68670696 -0.72693437 -8.3905981e-08
 0.72693431 0.68670696 -2.1100723e-07
 0 0 1
 0 3 15 5
 -7.6267915 -7.0104094 12.750959
 0.68670696 -0.72693437 -8.3905981e-08
 0.72693431 0.68670696 -2.1100723e-07
 0 0 1
 0 3 16 1
 -5.8016958 -10.233352 -12.759716
 0.8780666 -0.47853857 -1.2235063e-07
 0.47853842 0.87806654 -2.0602096e-07
 0 0 1
 0 3 16 2
 -5.8016958 -10.233352 -6.3843131
 0.8780666 -0.47853857 -1.2235063e-07
 0.47853842 0.87806654 -2.0602096e-07
 0 0 1
 0 3 16 3
 -5.8016958 -10.233352 -0.0089133196
 0.8780666 -0.47853857 -1.2235063e-07
 0.47853842 0.87806654 -2.0602096e-07
 0 0 1
 0 3 16 4
 -5.8016958 -10.233352 6.366487
 0.8780666 -0.47853857 -1.2235063e-07
 0.47853842 0.87806654 -2.0602096e-07
 0 0 1
 0 3 16 5
 -5.8016958 -10.233352 12.741885
 0.8780666 -0.47853857 -1.2235063e-07
 0.47853842 0.87806654 -2.0602096e-07
 0 0 1
 0 4 1 1
 6.6571116 -13.968414 -16.012497
 0.90726435 0.42056072 -2.0350495e-07
 -0.42056099 0.90726435 -1.2997174e-07
 0 0 1
 0 4 1 2
 6.6571116 -13.968414 -9.6370983
 0.90726435 0.42056072 -2.0350495e-07
 -0.42056099 0.90726435 -1.2997174e-07
 0 0 1
 0 4 1 3
 6.6571116 -13.968414 -3.2616982
 0.90726435 0.42056072 -2.0350495e-07
 -0.42056099 0.90726435 -1.2997174e-07
 0 0 1
 0 4 1 4
 6.6571116 -13.968414 3.1137018
 0.90726435 0.42056072 -2.0350495e-07
 -0.42056099 0.90726435 -1.2997174e-07
 0 0 1
 0 4 1 5
 6.6571116 -13.968414 9.4891014
 0.90726435 0.42056072 -2.0350495e-07
 -0.42056099 0.90726435 -1.2997174e-07
 0 0 1
 0 4 1 6
 6.6571116 -13.968414 15.864502
 0.90726435 0.42056072 -2.0350495e-07
 -0.42056099 0.90726435 -1.2997174e-07
 0 0 1
 0 4 2 1
 10.229012 -13.184648 -15.91396
 0.79536754 0.60612732 -2.0994537e-07
 -0.6061272 0.79536784 -1.0396672e-07
 0 0 1
 0 4 2 2
 10.229012 -13.184648 -9.538559
 0.79536754 0.60612732 -2.0994537e-07
 -0.6061272 0.79536784 -1.0396672e-07
 0 0 1
 0 4 2 3
 10.229012 -13.184648 -3.1631584
 0.79536754 0.60612732 -2.0994537e-07
 -0.6061272 0.79536784 -1.0396672e-07
 0 0 1
 0 4 2 4
 10.229012 -13.184648 3.2122416
 0.79536754 0.60612732 -2.0994537e-07
 -0.6061272 0.79536784 -1.0396672e-07
 0 0 1
 0 4 2 5
 10.229012 -13.184648 9.5876408
 0.79536754 0.60612732 -2.0994537e-07
 -0.6061272 0.79536784 -1.0396672e-07
 0 0 1
 0 4 2 6
 10.229012 -13.184648 15.963041
 0.79536754 0.60612732 -2.0994537e-07
 -0.6061272 0.79536784 -1.0396672e-07
 0 0 1
 0 4 3 1
 13.578602 -11.665774 -15.920289
 0.65763831 0.75333381 -2.1077389e-07
 -0.75333399 0.65763813 -7.9056782e-08
 0 0 1
 0 4 3 2
 13.578602 -11.665774 -9.5448904
 0.65763831 0.75333381 -2.1077389e-07
 -0.75333399 0.65763813 -7.9056782e-08
 0 0 1
 0 4 3 3
 13.578602 -11.665774 -3.1694889
 0.65763831 0.75333381 -2.1077389e-07
 -0.75333399 0.65763813 -7.9056782e-08
 0 0 1
 0 4 3 4
 13.578602 -11.665774 3.2059112
 0.65763831 0.75333381 -2.1077389e-07
 -0.75333399 0.65763813 -7.9056782e-08
 0 0 1
 0 4 3 5
 13.578602 -11.665774 9.5813093
 0.65763831 0.75333381 -2.1077389e-07
 -0.75333399 0.65763813 -7.9056782e-08
 0 0 1
 0 4 3 6
 13.578602 -11.665774 15.95671
 0.65763831 0.75333381 -2.1077389e-07
 -0.75333399 0.65763813 -7.9056782e-08
 0 0 1
 0 4 4 1
 13.529547 -7.3958311 -15.917738
 0.48603019 0.87394196 -2.0631532e-07
 -0.87394214 0.4860301 -5.351043e-08
 0 0 1
 0 4 4 2
 13.529547 -7.3958311 -9.5423374
 0.48603019 0.87394196 -2.0631532e-07
 -0.87394214 0.4860301 -5.351043e-08
 0 0 1
 0 4 4 3
 13.529547 -7.3958311 -3.166935
 0.48603019 0.87394196 -2.0631532e-07
 -0.87394214 0.4860301 -5.351043e-08
 0 0 1
 0 4 4 4
 13.529547 -7.3958311 3.2084651
 0.48603019 0.87394196 -2.0631532e-07
 -0.87394214 0.4860301 -5.351043e-08
 0 0 1
 0 4 4 5
 13.529547 -7.3958311 9.5838623
 0.48603019 0.87394196 -2.0631532e-07
 -0.87394214 0.4860301 -5.351043e-08
 0 0 1
 0 4 4 6
 13.529547 -7.3958311 15.959263
 0.48603019 0.87394196 -2.0631532e-07
 -0.87394214 0.4860301 -5.351043e-08
 0 0 1
 0 4 5 1
 16.088079 -4.6653085 -15.907265
 0.28635693 0.95812297 -1.9621868e-07
 -0.95812297 0.28635705 -2.869513e-08
 0 0 1
 0 4 5 2
 16.088079 -4.6653085 -9.5318632
 0.28635693 0.95812297 -1.9621868e-07
 -0.95812297 0.28635705 -2.869513e-08
 0 0 1
 0 4 5 3
 16.088079 -4.6653085 -3.1564629
 0.28635693 0.95812297 -1.9621868e-07
 -0.95812297 0.28635705 -2.869513e-08
 0 0 1
 0 4 5 4
 16.088079 -4.6653085 3.2189372
 0.28635693 0.95812297 -1.9621868e-07
 -0.95812297 0.28635705 -2.869513e-08
 0 0 1
 0 4 5 5
 16.088079 -4.6653085 9.5943365
 0.28635693 0.95812297 -1.9621868e-07
 -0.95812297 0.28635705 -2.869513e-08
 0 0 1
 0 4 5 6
 16.088079 -4.6653085 15.969737
 0.28635693 0.95812297 -1.9621868e-07
 -0.95812297 0.28635705 -2.869513e-08
 0 0 1
 0 4 6 1
 17.861143 -1.4491833 -15.904598
 0.088372588 0.99608749 -1.8222929e-07
 -0.99608743 0.088372946 -8.0678504e-09
 0 0 1
 0 4 6 2
 17.861143 -1.4491833 -9.5292006
 0.088372588 0.99608749 -1.8222929e-07
 -0.99608743 0.088372946 -8.0678504e-09
 0 0 1
 0 4 6 3
 17.861143 -1.4491833 -3.1537993
 0.088372588 0.99608749 -1.8222929e-07
 -0.99608743 0.088372946 -8.0678504e-09
 0 0 1
 0 4 6 4
 17.861143 -1.4491833 3.2216008
 0.088372588 0.99608749 -1.8222929e-07
 -0.99608743 0.088372946 -8.0678504e-09
 0 0 1
 0 4 6 5
 17.861143 -1.4491833 9.5969992
 0.088372588 0.99608749 -1.8222929e-07
 -0.99608743 0.088372946 -8.0678504e-09
 0 0 1
 0 4 6 6
 17.861143 -1.4491833 15.9724
 0.088372588 0.99608749 -1.8222929e-07
 -0.99608743 0.088372946 -8.0678504e-09
 0 0 1
 0 4 7 1
 15.234797 1.9990565 -15.914819
 -0.12134953 0.99260986 -1.6359078e-07
 -0.99260986 -0.12134964 9.9626511e-09
 0 0 1
 0 4 7 2
 15.234797 1.9990565 -9.539422
 -0.12134953 0.99260986 -1.6359078e-07
 -0.99260986 -0.12134964 9.9626511e-09
 0 0 1
 0 4 7 3
 15.234797 1.9990565 -3.1640201
 -0.12134953 0.99260986 -1.6359078e-07
 -0.99260986 -0.12134964 9.9626511e-09
 0 0 1
 0 4 7 4
 15.234797 1.9990565 3.21138
 -0.12134953 0.99260986 -1.6359078e-07
 -0.99260986 -0.12134964 9.9626511e-09
 0 0 1
 0 4 7 5
 15.234797 1.9990565 9.5867777
 -0.12134953 0.99260986 -1.6359078e-07
 -0.99260986 -0.12134964 9.9626511e-09
 0 0 1
 0 4 7 6
 15.234797 1.9990565 15.962176
 -0.12134953 0.99260986 -1.6359078e-07
 -0.99260986 -0.12134964 9.9626511e-09
 0 0 1
 0 4 8 1
 15.589864 5.6830006 -15.918108
 -0.33232591 0.94316465 -1.40824e-07
 -0.94316465 -0.33232576 2.4084137e-08
 0 0 1
 0 4 8 2
 15.589864 5.6830006 -9.5427113
 -0.33232591 0.94316465 -1.40824e-07
 -0.94316465 -0.33232576 2.4084137e-08
 0 0 1
 0 4 8 3
 15.589864 5.6830006 -3.1673086
 -0.33232591 0.94316465 -1.40824e-07
 -0.94316465 -0.33232576 2.4084137e-08
 0 0 1
 0 4 8 4
 15.589864 5.6830006 3.2080915
 -0.33232591 0.94316465 -1.40824e-07
 -0.94316465 -0.33232576 2.4084137e-08
 0 0 1
 0 4 8 5
 15.589864 5.6830006 9.5834885
 -0.33232591 0.94316465 -1.40824e-07
 -0.94316465 -0.33232576 2.4084137e-08
 0 0 1
 0 4 8 6
 15.589864 5.6830006 15.958889
 -0.33232591 0.94316465 -1.40824e-07
 -0.94316465 -0.33232576 2.4084137e-08
 0 0 1
 0 4 9 1
 15.162917 9.3362446 -15.912931
 -0.51473916 0.85734689 -1.173745e-07
 -0.85734683 -0.51473904 3.2528781e-08
 0 0 1
 0 4 9 2
 15.162917 9.3362446 -9.5375357
 -0.51473916 0.85734689 -1.173745e-07
 -0.85734683 -0.51473904 3.2528781e-08
 0 0 1
 0 4 9 3
 15.162917 9.3362446 -3.1621351
 -0.51473916 0.85734689 -1.173745e-07
 -0.85734683 -0.51473904 3.2528781e-08
 0 0 1
 0 4 9 4
 15.162917 9.3362446 3.2132649
 -0.51473916 0.85734689 -1.173745e-07
 -0.85734683 -0.51473904 3.2528781e-08
 0 0 1
 0 4 9 5
 15.162917 9.3362446 9.5886641
 -0.51473916 0.85734689 -1.173745e-07
 -0.85734683 -0.51473904 3.2528781e-08
 0 0 1
 0 4 9 6
 15.162917 9.3362446 15.964065
 -0.51473916 0.85734689 -1.173745e-07
 -0.85734683 -0.51473904 3.2528781e-08
 0 0 1
 0 4 10 1
 11.169129 10.661698 -15.922214
 -0.68225384 0.7311154 -9.1694396e-08
 -0.73111522 -0.68225396 3.6137891e-08
 0 0 1
 0 4 10 2
 11.169129 10.661698 -9.5468149
 -0.68225384 0.7311154 -9.1694396e-08
 -0.73111522 -0.68225396 3.6137891e-08
 0 0 1
 0 4 10 3
 11.169129 10.661698 -3.1714144
 -0.68225384 0.7311154 -9.1694396e-08
 -0.73111522 -0.68225396 3.6137891e-08
 0 0 1
 0 4 10 4
 11.169129 10.661698 3.2039857
 -0.68225384 0.7311154 -9.1694396e-08
 -0.73111522 -0.68225396 3.6137891e-08
 0 0 1
 0 4 10 5
 11.169129 10.661698 9.5793848
 -0.68225384 0.7311154 -9.1694396e-08
 -0.73111522 -0.68225396 3.6137891e-08
 0 0 1
 0 4 10 6
 11.169129 10.661698 15.954786
 -0.68225384 0.7311154 -9.1694396e-08
 -0.73111522 -0.68225396 3.6137891e-08
 0 0 1
 0 4 11 1
 9.306777 13.851009 -15.984099
 -0.82373065 0.56698143 -6.4977051e-08
 -0.5669812 -0.82373065 3.4157125e-08
 0 0 1
 0 4 11 2
 9.306777 13.851009 -9.6086988
 -0.82373065 0.56698143 -6.4977051e-08
 -0.5669812 -0.82373065 3.4157125e-08
 0 0 1
 0 4 11 3
 9.306777 13.851009 -3.2332973
 -0.82373065 0.56698143 -6.4977051e-08
 -0.5669812 -0.82373065 3.4157125e-08
 0 0 1
 0 4 11 4
 9.306777 13.851009 3.1421027
 -0.82373065 0.56698143 -6.4977051e-08
 -0.5669812 -0.82373065 3.4157125e-08
 0 0 1
 0 4 11 5
 9.306777 13.851009 9.5175009
 -0.82373065 0.56698143 -6.4977051e-08
 -0.5669812 -0.82373065 3.4157125e-08
 0 0 1
 0 4 11 6
 9.306777 13.851009 15.892901
 -0.82373065 0.56698143 -6.4977051e-08
 -0.5669812 -0.82373065 3.4157125e-08
 0 0 1
 0 4 12 1
 6.6116724 16.235926 -15.900636
 -0.92070949 0.39024886 -4.1048438e-08
 -0.39024872 -0.92070943 2.7184839e-08
 0 0 1
 0 4 12 2
 6.6116724 16.235926 -9.5252342
 -0.92070949 0.39024886 -4.1048438e-08
 -0.39024872 -0.92070943 2.7184839e-08
 0 0 1
 0 4 12 3
 6.6116724 16.235926 -3.1498325
 -0.92070949 0.39024886 -4.1048438e-08
 -0.39024872 -0.92070943 2.7184839e-08
 0 0 1
 0 4 12 4
 6.6116724 16.235926 3.2255676
 -0.92070949 0.39024886 -4.1048438e-08
 -0.39024872 -0.92070943 2.7184839e-08
 0 0 1
 0 4 12 5
 6.6116724 16.235926 9.6009655
 -0.92070949 0.39024886 -4.1048438e-08
 -0.39024872 -0.92070943 2.7184839e-08
 0 0 1
 0 4 12 6
 6.6116724 16.235926 15.976365
 -0.92070949 0.39024886 -4.1048438e-08
 -0.39024872 -0.92070943 2.7184839e-08
 0 0 1
 0 4 13 1
 -6.8175726 16.247179 16.007751
 0.92070925 0.39024913 -1.1460762e-07
 0.39024913 -0.92070931 4.6374314e-08
 -8.7422777e-08 0 -1
 0 4 13 2
 -6.8175726 16.247179 9.6323528
 0.92070925 0.39024913 -1.1460762e-07
 0.39024913 -0.92070931 4.6374314e-08
 -8.7422777e-08 0 -1
 0 4 13 3
 -6.8175735 16.247179 3.2569518
 0.92070925 0.39024913 -1.1460762e-07
 0.39024913 -0.92070931 4.6374314e-08
 -8.7422777e-08 0 -1
 0 4 13 4
 -6.8175745 16.247179 -3.1184483
 0.92070925 0.39024913 -1.1460762e-07
 0.39024913 -0.92070931 4.6374314e-08
 -8.7422777e-08 0 -1
 0 4 13 5
 -6.8175745 16.247179 -9.4938469
 0.92070925 0.39024913 -1.1460762e-07
 0.39024913 -0.92070931 4.6374314e-08
 -8.7422777e-08 0 -1
 0 4 13 6
 -6.8175755 16.247179 -15.869248
 0.92070925 0.39024913 -1.1460762e-07
 0.39024913 -0.92070931 4.6374314e-08
 -8.7422777e-08 0 -1
 0 4 14 1
 -9.3891954 13.700324 16.00042
 0.82373041 0.56698155 -1.2157989e-07
 0.56698155 -0.82373047 2.2445709e-08
 -8.7422777e-08 0 -1
 0 4 14 2
 -9.3891964 13.700324 9.625021
 0.82373041 0.56698155 -1.2157989e-07
 0.56698155 -0.82373047 2.2445709e-08
 -8.7422777e-08 0 -1
 0 4 14 3
 -9.3891964 13.700324 3.2496209
 0.82373041 0.56698155 -1.2157989e-07
 0.56698155 -0.82373047 2.2445709e-08
 -8.7422777e-08 0 -1
 0 4 14 4
 -9.3891973 13.700324 -3.1257792
 0.82373041 0.56698155 -1.2157989e-07
 0.56698155 -0.82373047 2.2445709e-08
 -8.7422777e-08 0 -1
 0 4 14 5
 -9.3891983 13.700324 -9.5011787
 0.82373041 0.56698155 -1.2157989e-07
 0.56698155 -0.82373047 2.2445709e-08
 -8.7422777e-08 0 -1
 0 4 14 6
 -9.3891983 13.700324 -15.876578
 0.82373041 0.56698155 -1.2157989e-07
 0.56698155 -0.82373047 2.2445709e-08
 -8.7422777e-08 0 -1
 0 4 15 1
 -11.233614 10.526897 16.010605
 0.6822536 0.73111552 -1.2356065e-07
 0.73111552 -0.68225372 -4.2716302e-09
 -8.7422777e-08 0 -1
 0 4 15 2
 -11.233614 10.526897 9.6352043
 0.6822536 0.73111552 -1.2356065e-07
 0.73111552 -0.68225372 -4.2716302e-09
 -8.7422777e-08 0 -1
 0 4 15 3
 -11.233615 10.526897 3.2598045
 0.6822536 0.73111552 -1.2356065e-07
 0.73111552 -0.68225372 -4.2716302e-09
 -8.7422777e-08 0 -1
 0 4 15 4
 -11.233615 10.526897 -3.1155956
 0.6822536 0.73111552 -1.2356065e-07
 0.73111552 -0.68225372 -4.2716302e-09
 -8.7422777e-08 0 -1
 0 4 15 5
 -11.233615 10.526897 -9.4909954
 0.6822536 0.73111552 -1.2356065e-07
 0.73111552 -0.68225372 -4.2716302e-09
 -8.7422777e-08 0 -1
 0 4 15 6
 -11.233615 10.526897 -15.866396
 0.6822536 0.73111552 -1.2356065e-07
 0.73111552 -0.68225372 -4.2716302e-09
 -8.7422777e-08 0 -1
 0 4 16 1
 -15.258633 9.2320356 16.018433
 0.51473868 0.85734707 -1.1995155e-07
 0.85734713 -0.51473886 -2.9951764e-08
 -8.7422777e-08 0 -1
 0 4 16 2
 -15.258633 9.2320356 9.6430321
 0.51473868 0.85734707 -1.1995155e-07
 0.85734713 -0.51473886 -2.9951764e-08
 -8.7422777e-08 0 -1
 0 4 16 3
 -15.258634 9.2320356 3.2676308
 0.51473868 0.85734707 -1.1995155e-07
 0.85734713 -0.51473886 -2.9951764e-08
 -8.7422777e-08 0 -1
 0 4 16 4
 -15.258634 9.2320356 -3.1077693
 0.51473868 0.85734707 -1.1995155e-07
 0.85734713 -0.51473886 -2.9951764e-08
 -8.7422777e-08 0 -1
 0 4 16 5
 -15.258635 9.2320356 -9.4831676
 0.51473868 0.85734707 -1.1995155e-07
 0.85734713 -0.51473886 -2.9951764e-08
 -8.7422777e-08 0 -1
 0 4 16 6
 -15.258635 9.2320356 -15.858568
 0.51473868 0.85734707 -1.1995155e-07
 0.85734713 -0.51473886 -2.9951764e-08
 -8.7422777e-08 0 -1
 0 4 17 1
 -15.692873 5.673594 16.004601
 0.3323257 0.94316465 -1.1150691e-07
 0.94316465 -0.33232585 -5.3401223e-08
 -8.7422777e-08 0 -1
 0 4 17 2
 -15.692874 5.673594 9.6292
 0.3323257 0.94316465 -1.1150691e-07
 0.94316465 -0.33232585 -5.3401223e-08
 -8.7422777e-08 0 -1
 0 4 17 3
 -15.692874 5.673594 3.2537999
 0.3323257 0.94316465 -1.1150691e-07
 0.94316465 -0.33232585 -5.3401223e-08
 -8.7422777e-08 0 -1
 0 4 17 4
 -15.692876 5.673594 -3.1216002
 0.3323257 0.94316465 -1.1150691e-07
 0.94316465 -0.33232585 -5.3401223e-08
 -8.7422777e-08 0 -1
 0 4 17 5
 -15.692878 5.6735945 -9.4969997
 0.3323257 0.94316465 -1.1150691e-07
 0.94316465 -0.33232585 -5.3401223e-08
 -8.7422777e-08 0 -1
 0 4 17 6
 -15.692878 5.6735945 -15.8724
 0.3323257 0.94316465 -1.1150691e-07
 0.94316465 -0.33232585 -5.3401223e-08
 -8.7422777e-08 0 -1
 0 4 18 1
 -15.423326 1.9614429 15.998242
 0.12134955 0.9926098 -9.7385431e-08
 0.9926098 -0.12134969 -7.6167971e-08
 -8.7422777e-08 0 -1
 0 4 18 2
 -15.423326 1.9614429 9.6228418
 0.12134955 0.9926098 -9.7385431e-08
 0.9926098 -0.12134969 -7.6167971e-08
 -8.7422777e-08 0 -1
 0 4 18 3
 -15.423326 1.9614429 3.2474425
 0.12134955 0.9926098 -9.7385431e-08
 0.9926098 -0.12134969 -7.6167971e-08
 -8.7422777e-08 0 -1
 0 4 18 4
 -15.423326 1.9614429 -3.1279576
 0.12134955 0.9926098 -9.7385431e-08
 0.9926098 -0.12134969 -7.6167971e-08
 -8.7422777e-08 0 -1
 0 4 18 5
 -15.423326 1.9614429 -9.5033579
 0.12134955 0.9926098 -9.7385431e-08
 0.9926098 -0.12134969 -7.6167971e-08
 -8.7422777e-08 0 -1
 0 4 18 6
 -15.423327 1.9614429 -15.878758
 0.12134955 0.9926098 -9.7385431e-08
 0.9926098 -0.12134969 -7.6167971e-08
 -8.7422777e-08 0 -1
 0 4 19 1
 -17.840353 -1.4681395 16.003654
 -0.088372804 0.99608749 -7.9354955e-08
 0.99608749 0.088372715 -9.4806531e-08
 -8.7422777e-08 0 -1
 0 4 19 2
 -17.840353 -1.4681395 9.6282539
 -0.088372804 0.99608749 -7.9354955e-08
 0.99608749 0.088372715 -9.4806531e-08
 -8.7422777e-08 0 -1
 0 4 19 3
 -17.840353 -1.4681395 3.2528546
 -0.088372804 0.99608749 -7.9354955e-08
 0.99608749 0.088372715 -9.4806531e-08
 -8.7422777e-08 0 -1
 0 4 19 4
 -17.840355 -1.4681395 -3.1225455
 -0.088372804 0.99608749 -7.9354955e-08
 0.99608749 0.088372715 -9.4806531e-08
 -8.7422777e-08 0 -1
 0 4 19 5
 -17.840355 -1.4681395 -9.4979458
 -0.088372804 0.99608749 -7.9354955e-08
 0.99608749 0.088372715 -9.4806531e-08
 -8.7422777e-08 0 -1
 0 4 19 6
 -17.840355 -1.4681395 -15.873346
 -0.088372804 0.99608749 -7.9354955e-08
 0.99608749 0.088372715 -9.4806531e-08
 -8.7422777e-08 0 -1
 0 4 20 1
 -16.039434 -4.7028556 15.920665
 -0.28635737 0.95812291 -5.8727615e-08
 0.95812291 0.28635728 -1.0879592e-07
 -8.7422777e-08 0 -1
 0 4 20 2
 -16.039434 -4.7028556 9.5452642
 -0.28635737 0.95812291 -5.8727615e-08
 0.95812291 0.28635728 -1.0879592e-07
 -8.7422777e-08 0 -1
 0 4 20 3
 -16.039434 -4.7028556 3.1698644
 -0.28635737 0.95812291 -5.8727615e-08
 0.95812291 0.28635728 -1.0879592e-07
 -8.7422777e-08 0 -1
 0 4 20 4
 -16.039434 -4.7028556 -3.2055357
 -0.28635737 0.95812291 -5.8727615e-08
 0.95812291 0.28635728 -1.0879592e-07
 -8.7422777e-08 0 -1
 0 4 20 5
 -16.039436 -4.7028556 -9.5809355
 -0.28635737 0.95812291 -5.8727615e-08
 0.95812291 0.28635728 -1.0879592e-07
 -8.7422777e-08 0 -1
 0 4 20 6
 -16.039436 -4.7028556 -15.956336
 -0.28635737 0.95812291 -5.8727615e-08
 0.95812291 0.28635728 -1.0879592e-07
 -8.7422777e-08 0 -1
 0 4 21 1
 -13.577131 -7.453239 15.938579
 -0.48603049 0.8739419 -3.3912293e-08
 0.87394184 0.48603034 -1.1889255e-07
 -8.7422777e-08 0 -1
 0 4 21 2
 -13.577131 -7.453239 9.56318
 -0.48603049 0.8739419 -3.3912293e-08
 0.87394184 0.48603034 -1.1889255e-07
 -8.7422777e-08 0 -1
 0 4 21 3
 -13.577131 -7.453239 3.1877794
 -0.48603049 0.8739419 -3.3912293e-08
 0.87394184 0.48603034 -1.1889255e-07
 -8.7422777e-08 0 -1
 0 4 21 4
 -13.577132 -7.453239 -3.1876206
 -0.48603049 0.8739419 -3.3912293e-08
 0.87394184 0.48603034 -1.1889255e-07
 -8.7422777e-08 0 -1
 0 4 21 5
 -13.577132 -7.453239 -9.5630198
 -0.48603049 0.8739419 -3.3912293e-08
 0.87394184 0.48603034 -1.1889255e-07
 -8.7422777e-08 0 -1
 0 4 21 6
 -13.577133 -7.453239 -15.93842
 -0.48603049 0.8739419 -3.3912293e-08
 0.87394184 0.48603034 -1.1889255e-07
 -8.7422777e-08 0 -1
 0 4 22 1
