 SVX cage parameters:
     2.20000
     0.50000     0.20000
     0.00000
           6
   -40.00000   -26.50000   -26.50000    26.50000    26.50000    40.00000
    53.00000    53.00000    22.00000    22.00000    53.00000    53.00000
     0.00000     0.00000     0.00000
 SVX barrel parameters:
           4
     2.63000     5.13000    11.76500    16.68700     1.21400
     0.00000     0.00000     0.00000     0.00000
           4           4           5           6
     0.69600     0.69600     1.74500     1.74500
     0.01000     0.01000     0.03125     0.03125
     2.83600     2.83600     3.18770     3.18770
     0.01900     0.01900     0.00000     0.00000
     0.02000     0.02000     0.00000     0.00000
    26.70000    13.60000    17.00000    12.00000
   -13.00000   -13.02000     0.00000     0.00000
           2
           5           5
     0.00000   180.00000
           2
          10          10
     0.00000   180.00000
           2
           8           8
     0.00000   180.00000
           2
          12          12
     0.00000   180.00000
 SVX barrel sensor rotation matrices and translation vectors:
           0           1           1           1
     1.56806    -2.11142     8.53800
     0.64717     0.76235    -0.00000
    -0.76235     0.64717    -0.00000
    -0.00000     0.00000     1.00000
           0           1           1           2
     1.56806    -2.11142     2.84600
     0.64717     0.76235    -0.00000
    -0.76235     0.64717    -0.00000
    -0.00000     0.00000     1.00000
           0           1           1           3
     1.56806    -2.11142    -2.84600
     0.64717     0.76235    -0.00000
    -0.76235     0.64717    -0.00000
    -0.00000     0.00000     1.00000
           0           1           1           4
     1.56806    -2.11142    -8.53800
     0.64717     0.76235    -0.00000
    -0.76235     0.64717    -0.00000
    -0.00000     0.00000     1.00000
           0           1           2           1
     2.34956    -1.18173     8.53800
     0.23562     0.97184    -0.00000
    -0.97184     0.23562    -0.00000
    -0.00000     0.00000     1.00000
           0           1           2           2
     2.34956    -1.18173     2.84600
     0.23562     0.97184    -0.00000
    -0.97184     0.23562    -0.00000
    -0.00000     0.00000     1.00000
           0           1           2           3
     2.34956    -1.18173    -2.84600
     0.23562     0.97184    -0.00000
    -0.97184     0.23562    -0.00000
    -0.00000     0.00000     1.00000
           0           1           2           4
     2.34956    -1.18173    -8.53800
     0.23562     0.97184    -0.00000
    -0.97184     0.23562    -0.00000
    -0.00000     0.00000     1.00000
           0           1           3           1
     2.63000    -0.00002     8.53800
    -0.22617     0.97409     0.00000
    -0.97409    -0.22617     0.00000
     0.00000     0.00000     1.00000
           0           1           3           2
     2.63000    -0.00002     2.84600
    -0.22617     0.97409     0.00000
    -0.97409    -0.22617     0.00000
     0.00000     0.00000     1.00000
           0           1           3           3
     2.63000    -0.00002    -2.84600
    -0.22617     0.97409     0.00000
    -0.97409    -0.22617     0.00000
     0.00000     0.00000     1.00000
           0           1           3           4
     2.63000    -0.00002    -8.53800
    -0.22617     0.97409     0.00000
    -0.97409    -0.22617     0.00000
     0.00000     0.00000     1.00000
           0           1           4           1
     2.34958     1.18169     8.53800
    -0.63973     0.76860     0.00000
    -0.76860    -0.63973     0.00000
     0.00000     0.00000     1.00000
           0           1           4           2
     2.34958     1.18169     2.84600
    -0.63973     0.76860     0.00000
    -0.76860    -0.63973     0.00000
     0.00000     0.00000     1.00000
           0           1           4           3
     2.34958     1.18169    -2.84600
    -0.63973     0.76860     0.00000
    -0.76860    -0.63973     0.00000
     0.00000     0.00000     1.00000
           0           1           4           4
     2.34958     1.18169    -8.53800
    -0.63973     0.76860     0.00000
    -0.76860    -0.63973     0.00000
     0.00000     0.00000     1.00000
           0           1           5           1
     1.56809     2.11140     8.53800
    -0.91686     0.39920     0.00000
    -0.39920    -0.91686     0.00000
     0.00000     0.00000     1.00000
           0           1           5           2
     1.56809     2.11140     2.84600
    -0.91686     0.39920     0.00000
    -0.39920    -0.91686     0.00000
     0.00000     0.00000     1.00000
           0           1           5           3
     1.56809     2.11140    -2.84600
    -0.91686     0.39920     0.00000
    -0.39920    -0.91686     0.00000
     0.00000     0.00000     1.00000
           0           1           5           4
     1.56809     2.11140    -8.53800
    -0.91686     0.39920     0.00000
    -0.39920    -0.91686     0.00000
     0.00000     0.00000     1.00000
           0           1           6           1
    -1.56809     2.11140    -8.53800
     0.91686     0.39920     0.00000
     0.39920    -0.91686     0.00000
     0.00000    -0.00000    -1.00000
           0           1           6           2
    -1.56809     2.11140    -2.84600
     0.91686     0.39920     0.00000
     0.39920    -0.91686     0.00000
     0.00000    -0.00000    -1.00000
           0           1           6           3
    -1.56809     2.11140     2.84600
     0.91686     0.39920     0.00000
     0.39920    -0.91686     0.00000
     0.00000    -0.00000    -1.00000
           0           1           6           4
    -1.56809     2.11140     8.53800
     0.91686     0.39920     0.00000
     0.39920    -0.91686     0.00000
     0.00000    -0.00000    -1.00000
           0           1           7           1
    -2.34958     1.18169    -8.53800
     0.63973     0.76860    -0.00000
     0.76860    -0.63973    -0.00000
    -0.00000     0.00000    -1.00000
           0           1           7           2
    -2.34958     1.18169    -2.84600
     0.63973     0.76860    -0.00000
     0.76860    -0.63973    -0.00000
    -0.00000     0.00000    -1.00000
           0           1           7           3
    -2.34958     1.18169     2.84600
     0.63973     0.76860    -0.00000
     0.76860    -0.63973    -0.00000
    -0.00000     0.00000    -1.00000
           0           1           7           4
    -2.34958     1.18169     8.53800
     0.63973     0.76860    -0.00000
     0.76860    -0.63973    -0.00000
    -0.00000     0.00000    -1.00000
           0           1           8           1
    -2.63001    -0.00002    -8.53800
     0.22617     0.97409    -0.00000
     0.97409    -0.22617    -0.00000
    -0.00000     0.00000    -1.00000
           0           1           8           2
    -2.63000    -0.00002    -2.84600
     0.22617     0.97409    -0.00000
     0.97409    -0.22617    -0.00000
    -0.00000     0.00000    -1.00000
           0           1           8           3
    -2.63000    -0.00002     2.84600
     0.22617     0.97409    -0.00000
     0.97409    -0.22617    -0.00000
    -0.00000     0.00000    -1.00000
           0           1           8           4
    -2.63000    -0.00002     8.53800
     0.22617     0.97409    -0.00000
     0.97409    -0.22617    -0.00000
    -0.00000     0.00000    -1.00000
           0           1           9           1
    -2.34956    -1.18173    -8.53800
    -0.23562     0.97184    -0.00000
     0.97184     0.23562    -0.00000
    -0.00000    -0.00000    -1.00000
           0           1           9           2
    -2.34956    -1.18173    -2.84600
    -0.23562     0.97184    -0.00000
     0.97184     0.23562    -0.00000
    -0.00000    -0.00000    -1.00000
           0           1           9           3
    -2.34956    -1.18173     2.84600
    -0.23562     0.97184    -0.00000
     0.97184     0.23562    -0.00000
    -0.00000    -0.00000    -1.00000
           0           1           9           4
    -2.34956    -1.18173     8.53800
    -0.23562     0.97184    -0.00000
     0.97184     0.23562    -0.00000
    -0.00000    -0.00000    -1.00000
           0           1          10           1
    -1.56806    -2.11142    -8.53800
    -0.64717     0.76235    -0.00000
     0.76235     0.64717    -0.00000
    -0.00000    -0.00000    -1.00000
           0           1          10           2
    -1.56806    -2.11142    -2.84600
    -0.64717     0.76235    -0.00000
     0.76235     0.64717    -0.00000
    -0.00000    -0.00000    -1.00000
           0           1          10           3
    -1.56806    -2.11142     2.84600
    -0.64717     0.76235    -0.00000
     0.76235     0.64717    -0.00000
    -0.00000    -0.00000    -1.00000
           0           1          10           4
    -1.56806    -2.11142     8.53800
    -0.64717     0.76235    -0.00000
     0.76235     0.64717    -0.00000
    -0.00000    -0.00000    -1.00000
           0           2           1           1
     2.47139    -4.49546     8.53800
     0.74481     0.66727    -0.00000
    -0.66727     0.74481    -0.00000
    -0.00000     0.00000     1.00000
           0           2           1           2
     2.47139    -4.49546     2.84600
     0.74481     0.66727    -0.00000
    -0.66727     0.74481    -0.00000
    -0.00000     0.00000     1.00000
           0           2           1           3
     2.47139    -4.49546    -2.84600
     0.74481     0.66727    -0.00000
    -0.66727     0.74481    -0.00000
    -0.00000     0.00000     1.00000
           0           2           1           4
     2.47139    -4.49546    -8.53800
     0.74481     0.66727    -0.00000
    -0.66727     0.74481    -0.00000
    -0.00000     0.00000     1.00000
           0           2           2           1
     3.45917    -3.78828     8.53800
     0.56703     0.82370    -0.00000
    -0.82370     0.56703    -0.00000
    -0.00000     0.00000     1.00000
           0           2           2           2
     3.45917    -3.78828     2.84600
     0.56703     0.82370    -0.00000
    -0.82370     0.56703    -0.00000
    -0.00000     0.00000     1.00000
           0           2           2           3
     3.45917    -3.78828    -2.84600
     0.56703     0.82370    -0.00000
    -0.82370     0.56703    -0.00000
    -0.00000     0.00000     1.00000
           0           2           2           4
     3.45917    -3.78828    -8.53800
     0.56703     0.82370    -0.00000
    -0.82370     0.56703    -0.00000
    -0.00000     0.00000     1.00000
           0           2           3           1
     4.25296    -2.86867     8.53800
     0.35744     0.93394    -0.00000
    -0.93394     0.35744    -0.00000
    -0.00000     0.00000     1.00000
           0           2           3           2
     4.25296    -2.86867     2.84600
     0.35744     0.93394    -0.00000
    -0.93394     0.35744    -0.00000
    -0.00000     0.00000     1.00000
           0           2           3           3
     4.25296    -2.86867    -2.84600
     0.35744     0.93394    -0.00000
    -0.93394     0.35744    -0.00000
    -0.00000     0.00000     1.00000
           0           2           3           4
     4.25296    -2.86867    -8.53800
     0.35744     0.93394    -0.00000
    -0.93394     0.35744    -0.00000
    -0.00000     0.00000     1.00000
           0           2           4           1
     4.80826    -1.78818     8.53800
     0.12781     0.99180    -0.00000
    -0.99180     0.12781    -0.00000
    -0.00000     0.00000     1.00000
           0           2           4           2
     4.80826    -1.78818     2.84600
     0.12781     0.99180    -0.00000
    -0.99180     0.12781    -0.00000
    -0.00000     0.00000     1.00000
           0           2           4           3
     4.80826    -1.78818    -2.84600
     0.12781     0.99180    -0.00000
    -0.99180     0.12781    -0.00000
    -0.00000     0.00000     1.00000
           0           2           4           4
     4.80826    -1.78818    -8.53800
     0.12781     0.99180    -0.00000
    -0.99180     0.12781    -0.00000
    -0.00000     0.00000     1.00000
           0           2           5           1
     5.09391    -0.60742     8.53800
    -0.10899     0.99404     0.00000
    -0.99404    -0.10899     0.00000
     0.00000     0.00000     1.00000
           0           2           5           2
     5.09391    -0.60742     2.84600
    -0.10899     0.99404     0.00000
    -0.99404    -0.10899     0.00000
     0.00000     0.00000     1.00000
           0           2           5           3
     5.09391    -0.60742    -2.84600
    -0.10899     0.99404     0.00000
    -0.99404    -0.10899     0.00000
     0.00000     0.00000     1.00000
           0           2           5           4
     5.09391    -0.60742    -8.53800
    -0.10899     0.99404     0.00000
    -0.99404    -0.10899     0.00000
     0.00000     0.00000     1.00000
           0           2           6           1
     5.09392     0.60740     8.53800
    -0.33967     0.94054     0.00000
    -0.94054    -0.33967     0.00000
     0.00000     0.00000     1.00000
           0           2           6           2
     5.09392     0.60740     2.84600
    -0.33967     0.94054     0.00000
    -0.94054    -0.33967     0.00000
     0.00000     0.00000     1.00000
           0           2           6           3
     5.09392     0.60740    -2.84600
    -0.33967     0.94054     0.00000
    -0.94054    -0.33967     0.00000
     0.00000     0.00000     1.00000
           0           2           6           4
     5.09392     0.60740    -8.53800
    -0.33967     0.94054     0.00000
    -0.94054    -0.33967     0.00000
     0.00000     0.00000     1.00000
           0           2           7           1
     4.80826     1.78817     8.53800
    -0.55131     0.83430     0.00000
    -0.83430    -0.55131     0.00000
     0.00000     0.00000     1.00000
           0           2           7           2
     4.80826     1.78817     2.84600
    -0.55131     0.83430     0.00000
    -0.83430    -0.55131     0.00000
     0.00000     0.00000     1.00000
           0           2           7           3
     4.80826     1.78817    -2.84600
    -0.55131     0.83430     0.00000
    -0.83430    -0.55131     0.00000
     0.00000     0.00000     1.00000
           0           2           7           4
     4.80826     1.78817    -8.53800
    -0.55131     0.83430     0.00000
    -0.83430    -0.55131     0.00000
     0.00000     0.00000     1.00000
           0           2           8           1
     4.25297     2.86865     8.53800
    -0.73203     0.68127     0.00000
    -0.68127    -0.73203     0.00000
     0.00000     0.00000     1.00000
           0           2           8           2
     4.25297     2.86865     2.84600
    -0.73203     0.68127     0.00000
    -0.68127    -0.73203     0.00000
     0.00000     0.00000     1.00000
           0           2           8           3
     4.25297     2.86865    -2.84600
    -0.73203     0.68127     0.00000
    -0.68127    -0.73203     0.00000
     0.00000     0.00000     1.00000
           0           2           8           4
     4.25297     2.86865    -8.53800
    -0.73203     0.68127     0.00000
    -0.68127    -0.73203     0.00000
     0.00000     0.00000     1.00000
           0           2           9           1
     3.45918     3.78827     8.53800
    -0.87170     0.49004     0.00000
    -0.49004    -0.87170     0.00000
     0.00000     0.00000     1.00000
           0           2           9           2
     3.45918     3.78827     2.84600
    -0.87170     0.49004     0.00000
    -0.49004    -0.87170     0.00000
     0.00000     0.00000     1.00000
           0           2           9           3
     3.45918     3.78827    -2.84600
    -0.87170     0.49004     0.00000
    -0.49004    -0.87170     0.00000
     0.00000     0.00000     1.00000
           0           2           9           4
     3.45918     3.78827    -8.53800
    -0.87170     0.49004     0.00000
    -0.49004    -0.87170     0.00000
     0.00000     0.00000     1.00000
           0           2          10           1
     2.47140     4.49545     8.53800
    -0.96249     0.27132     0.00000
    -0.27132    -0.96249     0.00000
     0.00000     0.00000     1.00000
           0           2          10           2
     2.47140     4.49545     2.84600
    -0.96249     0.27132     0.00000
    -0.27132    -0.96249     0.00000
     0.00000     0.00000     1.00000
           0           2          10           3
     2.47140     4.49545    -2.84600
    -0.96249     0.27132     0.00000
    -0.27132    -0.96249     0.00000
     0.00000     0.00000     1.00000
           0           2          10           4
     2.47140     4.49545    -8.53800
    -0.96249     0.27132     0.00000
    -0.27132    -0.96249     0.00000
     0.00000     0.00000     1.00000
           0           2          11           1
    -2.47141     4.49545    -8.53800
     0.96249     0.27132     0.00000
     0.27132    -0.96249     0.00000
     0.00000    -0.00000    -1.00000
           0           2          11           2
    -2.47141     4.49545    -2.84600
     0.96249     0.27132     0.00000
     0.27132    -0.96249     0.00000
     0.00000    -0.00000    -1.00000
           0           2          11           3
    -2.47141     4.49545     2.84600
     0.96249     0.27132     0.00000
     0.27132    -0.96249     0.00000
     0.00000    -0.00000    -1.00000
           0           2          11           4
    -2.47141     4.49545     8.53800
     0.96249     0.27132     0.00000
     0.27132    -0.96249     0.00000
     0.00000    -0.00000    -1.00000
           0           2          12           1
    -3.45918     3.78827    -8.53800
     0.87170     0.49004     0.00000
     0.49004    -0.87170     0.00000
     0.00000    -0.00000    -1.00000
           0           2          12           2
    -3.45918     3.78827    -2.84600
     0.87170     0.49004     0.00000
     0.49004    -0.87170     0.00000
     0.00000    -0.00000    -1.00000
           0           2          12           3
    -3.45918     3.78827     2.84600
     0.87170     0.49004     0.00000
     0.49004    -0.87170     0.00000
     0.00000    -0.00000    -1.00000
           0           2          12           4
    -3.45918     3.78827     8.53800
     0.87170     0.49004     0.00000
     0.49004    -0.87170     0.00000
     0.00000    -0.00000    -1.00000
           0           2          13           1
    -4.25297     2.86865    -8.53800
     0.73203     0.68127     0.00000
     0.68127    -0.73203     0.00000
     0.00000    -0.00000    -1.00000
           0           2          13           2
    -4.25297     2.86865    -2.84600
     0.73203     0.68127     0.00000
     0.68127    -0.73203     0.00000
     0.00000    -0.00000    -1.00000
           0           2          13           3
    -4.25297     2.86865     2.84600
     0.73203     0.68127     0.00000
     0.68127    -0.73203     0.00000
     0.00000    -0.00000    -1.00000
           0           2          13           4
    -4.25297     2.86865     8.53800
     0.73203     0.68127     0.00000
     0.68127    -0.73203     0.00000
     0.00000    -0.00000    -1.00000
           0           2          14           1
    -4.80826     1.78817    -8.53800
     0.55131     0.83430    -0.00000
     0.83430    -0.55131    -0.00000
    -0.00000     0.00000    -1.00000
           0           2          14           2
    -4.80826     1.78817    -2.84600
     0.55131     0.83430    -0.00000
     0.83430    -0.55131    -0.00000
    -0.00000     0.00000    -1.00000
           0           2          14           3
    -4.80826     1.78817     2.84600
     0.55131     0.83430    -0.00000
     0.83430    -0.55131    -0.00000
    -0.00000     0.00000    -1.00000
           0           2          14           4
    -4.80826     1.78817     8.53800
     0.55131     0.83430    -0.00000
     0.83430    -0.55131    -0.00000
    -0.00000     0.00000    -1.00000
           0           2          15           1
    -5.09392     0.60740    -8.53800
     0.33967     0.94054    -0.00000
     0.94054    -0.33967    -0.00000
    -0.00000     0.00000    -1.00000
           0           2          15           2
    -5.09392     0.60740    -2.84600
     0.33967     0.94054    -0.00000
     0.94054    -0.33967    -0.00000
    -0.00000     0.00000    -1.00000
           0           2          15           3
    -5.09392     0.60740     2.84600
     0.33967     0.94054    -0.00000
     0.94054    -0.33967    -0.00000
    -0.00000     0.00000    -1.00000
           0           2          15           4
    -5.09392     0.60740     8.53800
     0.33967     0.94054    -0.00000
     0.94054    -0.33967    -0.00000
    -0.00000     0.00000    -1.00000
           0           2          16           1
    -5.09391    -0.60742    -8.53800
     0.10899     0.99404    -0.00000
     0.99404    -0.10899    -0.00000
    -0.00000     0.00000    -1.00000
           0           2          16           2
    -5.09391    -0.60742    -2.84600
     0.10899     0.99404    -0.00000
     0.99404    -0.10899    -0.00000
    -0.00000     0.00000    -1.00000
           0           2          16           3
    -5.09391    -0.60742     2.84600
     0.10899     0.99404    -0.00000
     0.99404    -0.10899    -0.00000
    -0.00000     0.00000    -1.00000
           0           2          16           4
    -5.09391    -0.60742     8.53800
     0.10899     0.99404    -0.00000
     0.99404    -0.10899    -0.00000
    -0.00000     0.00000    -1.00000
           0           2          17           1
    -4.80826    -1.78818    -8.53800
    -0.12781     0.99180    -0.00000
     0.99180     0.12781    -0.00000
    -0.00000    -0.00000    -1.00000
           0           2          17           2
    -4.80826    -1.78818    -2.84600
    -0.12781     0.99180    -0.00000
     0.99180     0.12781    -0.00000
    -0.00000    -0.00000    -1.00000
           0           2          17           3
    -4.80826    -1.78818     2.84600
    -0.12781     0.99180    -0.00000
     0.99180     0.12781    -0.00000
    -0.00000    -0.00000    -1.00000
           0           2          17           4
    -4.80826    -1.78818     8.53800
    -0.12781     0.99180    -0.00000
     0.99180     0.12781    -0.00000
    -0.00000    -0.00000    -1.00000
           0           2          18           1
    -4.25296    -2.86867    -8.53800
    -0.35744     0.93394    -0.00000
     0.93394     0.35744    -0.00000
    -0.00000    -0.00000    -1.00000
           0           2          18           2
    -4.25296    -2.86867    -2.84600
    -0.35744     0.93394    -0.00000
     0.93394     0.35744    -0.00000
    -0.00000    -0.00000    -1.00000
           0           2          18           3
    -4.25296    -2.86867     2.84600
    -0.35744     0.93394    -0.00000
     0.93394     0.35744    -0.00000
    -0.00000    -0.00000    -1.00000
           0           2          18           4
    -4.25296    -2.86867     8.53800
    -0.35744     0.93394    -0.00000
     0.93394     0.35744    -0.00000
    -0.00000    -0.00000    -1.00000
           0           2          19           1
    -3.45917    -3.78828    -8.53800
    -0.56703     0.82370    -0.00000
     0.82370     0.56703    -0.00000
    -0.00000    -0.00000    -1.00000
           0           2          19           2
    -3.45917    -3.78828    -2.84600
    -0.56703     0.82370    -0.00000
     0.82370     0.56703    -0.00000
    -0.00000    -0.00000    -1.00000
           0           2          19           3
    -3.45917    -3.78828     2.84600
    -0.56703     0.82370    -0.00000
     0.82370     0.56703    -0.00000
    -0.00000    -0.00000    -1.00000
           0           2          19           4
    -3.45917    -3.78828     8.53800
    -0.56703     0.82370    -0.00000
     0.82370     0.56703    -0.00000
    -0.00000    -0.00000    -1.00000
           0           2          20           1
    -2.47139    -4.49546    -8.53800
    -0.74481     0.66727    -0.00000
     0.66727     0.74481    -0.00000
    -0.00000    -0.00000    -1.00000
           0           2          20           2
    -2.47139    -4.49546    -2.84600
    -0.74481     0.66727    -0.00000
     0.66727     0.74481    -0.00000
    -0.00000    -0.00000    -1.00000
           0           2          20           3
    -2.47139    -4.49546     2.84600
    -0.74481     0.66727    -0.00000
     0.66727     0.74481    -0.00000
    -0.00000    -0.00000    -1.00000
           0           2          20           4
    -2.47139    -4.49546     8.53800
    -0.74481     0.66727    -0.00000
     0.66727     0.74481    -0.00000
    -0.00000    -0.00000    -1.00000
           0           3           1           1
     5.63001   -10.33045    12.75080
    -0.87807    -0.47854    -0.00000
    -0.47854     0.87807    -0.00000
     0.00000    -0.00000    -1.00000
           0           3           1           2
     5.63001   -10.33045     6.37540
    -0.87807    -0.47854    -0.00000
    -0.47854     0.87807    -0.00000
     0.00000    -0.00000    -1.00000
           0           3           1           3
     5.63001   -10.33045     0.00000
    -0.87807    -0.47854    -0.00000
    -0.47854     0.87807    -0.00000
     0.00000    -0.00000    -1.00000
           0           3           1           4
     5.63001   -10.33045    -6.37540
    -0.87807    -0.47854    -0.00000
    -0.47854     0.87807    -0.00000
     0.00000    -0.00000    -1.00000
           0           3           1           5
     5.63001   -10.33045   -12.75080
    -0.87807    -0.47854    -0.00000
    -0.47854     0.87807    -0.00000
     0.00000    -0.00000    -1.00000
           0           3           2           1
     7.53104    -7.11428    12.75080
    -0.68671    -0.72693     0.00000
    -0.72693     0.68671     0.00000
    -0.00000     0.00000    -1.00000
           0           3           2           2
     7.53104    -7.11428     6.37540
    -0.68671    -0.72693     0.00000
    -0.72693     0.68671     0.00000
    -0.00000     0.00000    -1.00000
           0           3           2           3
     7.53104    -7.11428    -0.00000
    -0.68671    -0.72693     0.00000
    -0.72693     0.68671     0.00000
    -0.00000     0.00000    -1.00000
           0           3           2           4
     7.53104    -7.11428    -6.37540
    -0.68671    -0.72693     0.00000
    -0.72693     0.68671     0.00000
    -0.00000     0.00000    -1.00000
           0           3           2           5
     7.53104    -7.11428   -12.75080
    -0.68671    -0.72693     0.00000
    -0.72693     0.68671     0.00000
    -0.00000     0.00000    -1.00000
           0           3           3           1
    11.52699    -5.67448    12.75080
    -0.44166    -0.89718     0.00000
    -0.89718     0.44166     0.00000
    -0.00000     0.00000    -1.00000
           0           3           3           2
    11.52699    -5.67448     6.37540
    -0.44166    -0.89718     0.00000
    -0.89718     0.44166     0.00000
    -0.00000     0.00000    -1.00000
           0           3           3           3
    11.52699    -5.67448    -0.00000
    -0.44166    -0.89718     0.00000
    -0.89718     0.44166     0.00000
    -0.00000     0.00000    -1.00000
           0           3           3           4
    11.52699    -5.67448    -6.37540
    -0.44166    -0.89718     0.00000
    -0.89718     0.44166     0.00000
    -0.00000     0.00000    -1.00000
           0           3           3           5
    11.52699    -5.67448   -12.75080
    -0.44166    -0.89718     0.00000
    -0.89718     0.44166     0.00000
    -0.00000     0.00000    -1.00000
           0           3           4           1
    11.58088    -2.07330    12.75080
    -0.17623    -0.98435     0.00000
    -0.98435     0.17623     0.00000
    -0.00000     0.00000    -1.00000
           0           3           4           2
    11.58088    -2.07330     6.37540
    -0.17623    -0.98435     0.00000
    -0.98435     0.17623     0.00000
    -0.00000     0.00000    -1.00000
           0           3           4           3
    11.58088    -2.07330    -0.00000
    -0.17623    -0.98435     0.00000
    -0.98435     0.17623     0.00000
    -0.00000     0.00000    -1.00000
           0           3           4           4
    11.58088    -2.07330    -6.37540
    -0.17623    -0.98435     0.00000
    -0.98435     0.17623     0.00000
    -0.00000     0.00000    -1.00000
           0           3           4           5
    11.58088    -2.07330   -12.75080
    -0.17623    -0.98435     0.00000
    -0.98435     0.17623     0.00000
    -0.00000     0.00000    -1.00000
           0           3           5           1
    10.26193     1.42214    12.75080
     0.13727    -0.99053     0.00000
    -0.99053    -0.13727     0.00000
    -0.00000    -0.00000    -1.00000
           0           3           5           2
    10.26193     1.42214     6.37540
     0.13727    -0.99053     0.00000
    -0.99053    -0.13727     0.00000
    -0.00000    -0.00000    -1.00000
           0           3           5           3
    10.26193     1.42214    -0.00000
     0.13727    -0.99053     0.00000
    -0.99053    -0.13727     0.00000
    -0.00000    -0.00000    -1.00000
           0           3           5           4
    10.26193     1.42214    -6.37540
     0.13727    -0.99053     0.00000
    -0.99053    -0.13727     0.00000
    -0.00000    -0.00000    -1.00000
           0           3           5           5
    10.26193     1.42214   -12.75080
     0.13727    -0.99053     0.00000
    -0.99053    -0.13727     0.00000
    -0.00000    -0.00000    -1.00000
           0           3           6           1
    11.63950     5.43996    12.75080
     0.42341    -0.90594     0.00000
    -0.90594    -0.42341     0.00000
    -0.00000    -0.00000    -1.00000
           0           3           6           2
    11.63950     5.43996     6.37540
     0.42341    -0.90594     0.00000
    -0.90594    -0.42341     0.00000
    -0.00000    -0.00000    -1.00000
           0           3           6           3
    11.63950     5.43996    -0.00000
     0.42341    -0.90594     0.00000
    -0.90594    -0.42341     0.00000
    -0.00000    -0.00000    -1.00000
           0           3           6           4
    11.63950     5.43996    -6.37540
     0.42341    -0.90594     0.00000
    -0.90594    -0.42341     0.00000
    -0.00000    -0.00000    -1.00000
           0           3           6           5
    11.63950     5.43996   -12.75080
     0.42341    -0.90594     0.00000
    -0.90594    -0.42341     0.00000
    -0.00000    -0.00000    -1.00000
           0           3           7           1
     8.86432     7.73557    12.75080
     0.65751    -0.75345     0.00000
    -0.75345    -0.65751     0.00000
    -0.00000    -0.00000    -1.00000
           0           3           7           2
     8.86432     7.73557     6.37540
     0.65751    -0.75345     0.00000
    -0.75345    -0.65751     0.00000
    -0.00000    -0.00000    -1.00000
           0           3           7           3
     8.86432     7.73557    -0.00000
     0.65751    -0.75345     0.00000
    -0.75345    -0.65751     0.00000
    -0.00000    -0.00000    -1.00000
           0           3           7           4
     8.86432     7.73557    -6.37540
     0.65751    -0.75345     0.00000
    -0.75345    -0.65751     0.00000
    -0.00000    -0.00000    -1.00000
           0           3           7           5
     8.86432     7.73557   -12.75080
     0.65751    -0.75345     0.00000
    -0.75345    -0.65751     0.00000
    -0.00000    -0.00000    -1.00000
           0           3           8           1
     5.31253     8.89419    12.75080
     0.85851    -0.51279     0.00000
    -0.51279    -0.85851     0.00000
    -0.00000    -0.00000    -1.00000
           0           3           8           2
     5.31253     8.89419     6.37540
     0.85851    -0.51279     0.00000
    -0.51279    -0.85851     0.00000
    -0.00000    -0.00000    -1.00000
           0           3           8           3
     5.31253     8.89419    -0.00000
     0.85851    -0.51279     0.00000
    -0.51279    -0.85851     0.00000
    -0.00000    -0.00000    -1.00000
           0           3           8           4
     5.31253     8.89419    -6.37540
     0.85851    -0.51279     0.00000
    -0.51279    -0.85851     0.00000
    -0.00000    -0.00000    -1.00000
           0           3           8           5
     5.31253     8.89419   -12.75080
     0.85851    -0.51279     0.00000
    -0.51279    -0.85851     0.00000
    -0.00000    -0.00000    -1.00000
           0           3           9           1
    -5.31253     8.89419   -12.75080
    -0.85851    -0.51279    -0.00000
     0.51279    -0.85851    -0.00000
     0.00000    -0.00000     1.00000
           0           3           9           2
    -5.31253     8.89419    -6.37540
    -0.85851    -0.51279    -0.00000
     0.51279    -0.85851    -0.00000
     0.00000    -0.00000     1.00000
           0           3           9           3
    -5.31253     8.89419    -0.00000
    -0.85851    -0.51279    -0.00000
     0.51279    -0.85851    -0.00000
     0.00000    -0.00000     1.00000
           0           3           9           4
    -5.31253     8.89419     6.37540
    -0.85851    -0.51279    -0.00000
     0.51279    -0.85851    -0.00000
     0.00000    -0.00000     1.00000
           0           3           9           5
    -5.31253     8.89419    12.75080
    -0.85851    -0.51279    -0.00000
     0.51279    -0.85851    -0.00000
     0.00000    -0.00000     1.00000
           0           3          10           1
    -8.86432     7.73557   -12.75080
    -0.65751    -0.75345    -0.00000
     0.75345    -0.65751    -0.00000
     0.00000    -0.00000     1.00000
           0           3          10           2
    -8.86432     7.73557    -6.37540
    -0.65751    -0.75345    -0.00000
     0.75345    -0.65751    -0.00000
     0.00000    -0.00000     1.00000
           0           3          10           3
    -8.86432     7.73557     0.00000
    -0.65751    -0.75345    -0.00000
     0.75345    -0.65751    -0.00000
     0.00000    -0.00000     1.00000
           0           3          10           4
    -8.86432     7.73557     6.37540
    -0.65751    -0.75345    -0.00000
     0.75345    -0.65751    -0.00000
     0.00000    -0.00000     1.00000
           0           3          10           5
    -8.86432     7.73557    12.75080
    -0.65751    -0.75345    -0.00000
     0.75345    -0.65751    -0.00000
     0.00000    -0.00000     1.00000
           0           3          11           1
   -11.63950     5.43996   -12.75080
    -0.42341    -0.90594    -0.00000
     0.90594    -0.42341    -0.00000
     0.00000    -0.00000     1.00000
           0           3          11           2
   -11.63950     5.43996    -6.37540
    -0.42341    -0.90594    -0.00000
     0.90594    -0.42341    -0.00000
     0.00000    -0.00000     1.00000
           0           3          11           3
   -11.63950     5.43996     0.00000
    -0.42341    -0.90594    -0.00000
     0.90594    -0.42341    -0.00000
     0.00000    -0.00000     1.00000
           0           3          11           4
   -11.63950     5.43996     6.37540
    -0.42341    -0.90594    -0.00000
     0.90594    -0.42341    -0.00000
     0.00000    -0.00000     1.00000
           0           3          11           5
   -11.63950     5.43996    12.75080
    -0.42341    -0.90594    -0.00000
     0.90594    -0.42341    -0.00000
     0.00000    -0.00000     1.00000
           0           3          12           1
   -10.26193     1.42213   -12.75080
    -0.13727    -0.99053    -0.00000
     0.99053    -0.13727    -0.00000
     0.00000    -0.00000     1.00000
           0           3          12           2
   -10.26193     1.42213    -6.37540
    -0.13727    -0.99053    -0.00000
     0.99053    -0.13727    -0.00000
     0.00000    -0.00000     1.00000
           0           3          12           3
   -10.26193     1.42213     0.00000
    -0.13727    -0.99053    -0.00000
     0.99053    -0.13727    -0.00000
     0.00000    -0.00000     1.00000
           0           3          12           4
   -10.26193     1.42213     6.37540
    -0.13727    -0.99053    -0.00000
     0.99053    -0.13727    -0.00000
     0.00000    -0.00000     1.00000
           0           3          12           5
   -10.26193     1.42213    12.75080
    -0.13727    -0.99053    -0.00000
     0.99053    -0.13727    -0.00000
     0.00000    -0.00000     1.00000
           0           3          13           1
   -11.58088    -2.07330   -12.75080
     0.17623    -0.98435    -0.00000
     0.98435     0.17623    -0.00000
     0.00000     0.00000     1.00000
           0           3          13           2
   -11.58088    -2.07330    -6.37540
     0.17623    -0.98435    -0.00000
     0.98435     0.17623    -0.00000
     0.00000     0.00000     1.00000
           0           3          13           3
   -11.58088    -2.07330     0.00000
     0.17623    -0.98435    -0.00000
     0.98435     0.17623    -0.00000
     0.00000     0.00000     1.00000
           0           3          13           4
   -11.58088    -2.07330     6.37540
     0.17623    -0.98435    -0.00000
     0.98435     0.17623    -0.00000
     0.00000     0.00000     1.00000
           0           3          13           5
   -11.58088    -2.07330    12.75080
     0.17623    -0.98435    -0.00000
     0.98435     0.17623    -0.00000
     0.00000     0.00000     1.00000
           0           3          14           1
   -11.52698    -5.67448   -12.75080
     0.44166    -0.89718    -0.00000
     0.89718     0.44166    -0.00000
     0.00000     0.00000     1.00000
           0           3          14           2
   -11.52698    -5.67448    -6.37540
     0.44166    -0.89718    -0.00000
     0.89718     0.44166    -0.00000
     0.00000     0.00000     1.00000
           0           3          14           3
   -11.52698    -5.67448     0.00000
     0.44166    -0.89718    -0.00000
     0.89718     0.44166    -0.00000
     0.00000     0.00000     1.00000
           0           3          14           4
   -11.52698    -5.67448     6.37540
     0.44166    -0.89718    -0.00000
     0.89718     0.44166    -0.00000
     0.00000     0.00000     1.00000
           0           3          14           5
   -11.52698    -5.67448    12.75080
     0.44166    -0.89718    -0.00000
     0.89718     0.44166    -0.00000
     0.00000     0.00000     1.00000
           0           3          15           1
    -7.53104    -7.11429   -12.75080
     0.68671    -0.72693    -0.00000
     0.72693     0.68671    -0.00000
     0.00000     0.00000     1.00000
           0           3          15           2
    -7.53104    -7.11429    -6.37540
     0.68671    -0.72693    -0.00000
     0.72693     0.68671    -0.00000
     0.00000     0.00000     1.00000
           0           3          15           3
    -7.53104    -7.11429     0.00000
     0.68671    -0.72693    -0.00000
     0.72693     0.68671    -0.00000
     0.00000     0.00000     1.00000
           0           3          15           4
    -7.53104    -7.11429     6.37540
     0.68671    -0.72693    -0.00000
     0.72693     0.68671    -0.00000
     0.00000     0.00000     1.00000
           0           3          15           5
    -7.53104    -7.11429    12.75080
     0.68671    -0.72693    -0.00000
     0.72693     0.68671    -0.00000
     0.00000     0.00000     1.00000
           0           3          16           1
    -5.63001   -10.33045   -12.75080
     0.87807    -0.47854    -0.00000
     0.47854     0.87807    -0.00000
     0.00000     0.00000     1.00000
           0           3          16           2
    -5.63001   -10.33045    -6.37540
     0.87807    -0.47854    -0.00000
     0.47854     0.87807    -0.00000
     0.00000     0.00000     1.00000
           0           3          16           3
