  1.2500E+00  5.0318E-01  4.2201E-01  7.4812E-02
  1.7500E+00  4.8942E-01  4.3292E-01  7.7659E-02
  2.2500E+00  4.4901E-01  4.5663E-01  9.4363E-02
  2.7500E+00  4.0885E-01  4.7696E-01  1.1419E-01
  3.2500E+00  3.6987E-01  4.9278E-01  1.3735E-01
  3.7500E+00  3.3587E-01  5.0472E-01  1.5942E-01
  4.2500E+00  3.0496E-01  5.1311E-01  1.8193E-01
  4.7500E+00  2.7646E-01  5.1885E-01  2.0469E-01
  5.2500E+00  2.5128E-01  5.2140E-01  2.2732E-01
  5.7500E+00  2.2761E-01  5.2307E-01  2.4932E-01
  6.2500E+00  2.0719E-01  5.2187E-01  2.7094E-01
  6.7500E+00  1.8840E-01  5.1960E-01  2.9200E-01
  7.2500E+00  1.7218E-01  5.1601E-01  3.1181E-01
  7.7500E+00  1.5710E-01  5.1192E-01  3.3098E-01
  8.2500E+00  1.4376E-01  5.0710E-01  3.4914E-01
  8.7500E+00  1.3158E-01  5.0121E-01  3.6720E-01
  9.2500E+00  1.2060E-01  4.9545E-01  3.8395E-01
  9.7500E+00  1.1073E-01  4.8956E-01  3.9971E-01
  1.0250E+01  1.0173E-01  4.8290E-01  4.1537E-01
  1.0750E+01  9.3711E-02  4.7664E-01  4.2965E-01
  1.1250E+01  8.6265E-02  4.7019E-01  4.4355E-01
  1.1750E+01  7.9567E-02  4.6321E-01  4.5723E-01
  1.2250E+01  7.3483E-02  4.5692E-01  4.6960E-01
  1.2750E+01  6.7962E-02  4.5044E-01  4.8160E-01
  1.3250E+01  6.2873E-02  4.4396E-01  4.9317E-01
  1.3750E+01  5.8161E-02  4.3779E-01  5.0405E-01
  1.4250E+01  5.3948E-02  4.3152E-01  5.1453E-01
  1.4750E+01  5.0032E-02  4.2569E-01  5.2428E-01
  1.5250E+01  4.6494E-02  4.1934E-01  5.3417E-01


p+p 130 GeV: pt          gg          qg          qq

Calculation for charged hadrons (really close to pions).


