  1.2500E+00  5.1474E-01  4.1283E-01  7.2423E-02
  1.7500E+00  5.2128E-01  4.1123E-01  6.7490E-02
  2.2500E+00  4.9397E-01  4.2889E-01  7.7146E-02
  2.7500E+00  4.6310E-01  4.4731E-01  8.9585E-02
  3.2500E+00  4.3045E-01  4.6383E-01  1.0572E-01
  3.7500E+00  4.0217E-01  4.7724E-01  1.2060E-01
  4.2500E+00  3.7421E-01  4.8991E-01  1.3588E-01
  4.7500E+00  3.4836E-01  4.9920E-01  1.5245E-01
  5.2500E+00  3.2440E-01  5.0697E-01  1.6863E-01
  5.7500E+00  3.0134E-01  5.1356E-01  1.8510E-01
  6.2500E+00  2.8106E-01  5.1730E-01  2.0164E-01
  6.7500E+00  2.6147E-01  5.2056E-01  2.1797E-01
  7.2500E+00  2.4422E-01  5.2215E-01  2.3363E-01
  7.7500E+00  2.2783E-01  5.2284E-01  2.4933E-01
  8.2500E+00  2.1279E-01  5.2281E-01  2.6439E-01
  8.7500E+00  1.9890E-01  5.2157E-01  2.7953E-01
  9.2500E+00  1.8614E-01  5.1978E-01  2.9408E-01
  9.7500E+00  1.7417E-01  5.1767E-01  3.0815E-01
  1.0250E+01  1.6325E-01  5.1456E-01  3.2219E-01
  1.0750E+01  1.5316E-01  5.1165E-01  3.3519E-01
  1.1250E+01  1.4348E-01  5.0827E-01  3.4825E-01
  1.1750E+01  1.3467E-01  5.0429E-01  3.6104E-01
  1.2250E+01  1.2648E-01  5.0038E-01  3.7315E-01
  1.2750E+01  1.1901E-01  4.9593E-01  3.8506E-01
  1.3250E+01  1.1193E-01  4.9189E-01  3.9619E-01
  1.3750E+01  1.0528E-01  4.8754E-01  4.0719E-01
  1.4250E+01  9.9106E-02  4.8284E-01  4.1805E-01
  1.4750E+01  9.3309E-02  4.7838E-01  4.2832E-01
  1.5250E+01  8.8169E-02  4.7322E-01  4.3861E-01
  1.5750E+01  8.3152E-02  4.6866E-01  4.4819E-01
  1.6250E+01  7.8473E-02  4.6398E-01  4.5754E-01
  1.6750E+01  7.4209E-02  4.5934E-01  4.6645E-01
  1.7250E+01  7.0071E-02  4.5440E-01  4.7553E-01
  1.7750E+01  6.6313E-02  4.4962E-01  4.8407E-01
  1.8250E+01  6.2739E-02  4.4526E-01  4.9200E-01
  1.8750E+01  5.9350E-02  4.4015E-01  5.0050E-01
  1.9250E+01  5.6219E-02  4.3614E-01  5.0764E-01
  1.9750E+01  5.3333E-02  4.3133E-01  5.1533E-01
  2.0250E+01  5.0504E-02  4.2724E-01  5.2226E-01



p+p 200 GeV: pt          gg          qg          qq

Calculation for charged hadrons (really close to pions).

I think where related curves are published are in
our jet paper (there it is for the pol. case though,
Fig. 7): B. Jager, M. Stratmann, W. Vogelsang, Phys.Rev.D70:034010,2004. hep-ph/0404057

and Stefan shows curves in hep-ph/0410219

Kretzer:

   1.0000E+00  1.0609E-01  4.5224E-01  4.4167E-01
   2.0000E+00  1.0776E-01  4.6177E-01  4.3047E-01
   3.0000E+00  1.4618E-01  4.9470E-01  3.5911E-01
   4.0000E+00  1.8768E-01  5.1754E-01  2.9479E-01
   5.0000E+00  2.2899E-01  5.2889E-01  2.4212E-01
   6.0000E+00  2.6827E-01  5.3198E-01  1.9975E-01
   7.0000E+00  3.0507E-01  5.3019E-01  1.6474E-01
   8.0000E+00  3.3894E-01  5.2431E-01  1.3675E-01
   9.0000E+00  3.6940E-01  5.1589E-01  1.1471E-01
   1.0000E+01  3.9713E-01  5.0660E-01  9.6267E-02
