  5.0000E+00  6.2282E-01  3.3531E-01  4.1868E-02
  1.0000E+01  5.7276E-01  3.7106E-01  5.6183E-02
  1.5000E+01  5.3137E-01  3.9915E-01  6.9484E-02
  2.0000E+01  4.9642E-01  4.2113E-01  8.2451E-02
  2.5000E+01  4.6638E-01  4.3816E-01  9.5459E-02
  3.0000E+01  4.3993E-01  4.5282E-01  1.0725E-01
  3.5000E+01  4.1501E-01  4.6580E-01  1.1918E-01
  4.0000E+01  3.9219E-01  4.7676E-01  1.3106E-01
  4.5000E+01  3.7186E-01  4.8563E-01  1.4251E-01
  5.0000E+01  3.5249E-01  4.9357E-01  1.5395E-01
  5.5000E+01  3.3430E-01  5.0052E-01  1.6518E-01
  6.0000E+01  3.1751E-01  5.0593E-01  1.7656E-01
  6.5000E+01  3.0246E-01  5.1041E-01  1.8713E-01
  7.0000E+01  2.8758E-01  5.1484E-01  1.9758E-01
  7.5000E+01  2.7404E-01  5.1820E-01  2.0776E-01
  8.0000E+01  2.6150E-01  5.2042E-01  2.1808E-01
  8.5000E+01  2.4961E-01  5.2255E-01  2.2784E-01
  9.0000E+01  2.3845E-01  5.2380E-01  2.3774E-01
  9.5000E+01  2.2783E-01  5.2509E-01  2.4708E-01
  1.0000E+02  2.1825E-01  5.2541E-01  2.5633E-01
  1.0500E+02  2.0837E-01  5.2607E-01  2.6556E-01
  1.1000E+02  1.9958E-01  5.2570E-01  2.7473E-01
  1.1500E+02  1.9139E-01  5.2512E-01  2.8349E-01
  1.2000E+02  1.8337E-01  5.2456E-01  2.9207E-01
  1.2500E+02  1.7605E-01  5.2404E-01  2.9991E-01
  1.3000E+02  1.6884E-01  5.2287E-01  3.0829E-01
  1.3500E+02  1.6208E-01  5.2157E-01  3.1636E-01
  1.4000E+02  1.5574E-01  5.2039E-01  3.2387E-01
  1.4500E+02  1.4993E-01  5.1820E-01  3.3187E-01
  1.5000E+02  1.4413E-01  5.1687E-01  3.3900E-01
  1.5500E+02  1.3861E-01  5.1475E-01  3.4663E-01
  1.6000E+02  1.3369E-01  5.1270E-01  3.5361E-01
  1.6500E+02  1.2864E-01  5.1054E-01  3.6082E-01
  1.7000E+02  1.2402E-01  5.0836E-01  3.6762E-01
  1.7500E+02  1.1957E-01  5.0603E-01  3.7440E-01
  1.8000E+02  1.1512E-01  5.0387E-01  3.8101E-01
  1.8500E+02  1.1121E-01  5.0183E-01  3.8696E-01
  1.9000E+02  1.0742E-01  4.9911E-01  3.9348E-01
  1.9500E+02  1.0372E-01  4.9710E-01  3.9919E-01
  2.0000E+02  1.0032E-01  4.9407E-01  4.0562E-01
  2.0500E+02  9.6866E-02  4.9159E-01  4.1154E-01
  2.1000E+02  9.3485E-02  4.8935E-01  4.1716E-01
  2.1500E+02  9.0603E-02  4.8653E-01  4.2287E-01
  2.2000E+02  8.7752E-02  4.8401E-01  4.2823E-01
  2.2500E+02  8.4848E-02  4.8164E-01  4.3351E-01
  2.3000E+02  8.2074E-02  4.7898E-01  4.3894E-01
  2.3500E+02  7.9444E-02  4.7632E-01  4.4424E-01
  2.4000E+02  7.7047E-02  4.7352E-01  4.4943E-01
  2.4500E+02  7.4590E-02  4.7098E-01  4.5444E-01
  2.5000E+02  7.2259E-02  4.6843E-01  4.5931E-01
  2.5500E+02  7.0116E-02  4.6573E-01  4.6416E-01
  2.6000E+02  6.8010E-02  4.6291E-01  4.6908E-01
  2.6500E+02  6.5953E-02  4.6055E-01  4.7349E-01
  2.7000E+02  6.4046E-02  4.5779E-01  4.7816E-01
  2.7500E+02  6.2105E-02  4.5530E-01  4.8259E-01
  2.8000E+02  6.0281E-02  4.5253E-01  4.8719E-01
  2.8500E+02  5.8595E-02  4.4979E-01  4.9161E-01
  2.9000E+02  5.6897E-02  4.4730E-01  4.9580E-01
  2.9500E+02  5.5276E-02  4.4495E-01  4.9977E-01
  3.0000E+02  5.3778E-02  4.4216E-01  5.0406E-01
  3.0500E+02  5.2235E-02  4.3976E-01  5.0800E-01
  3.1000E+02  5.0801E-02  4.3741E-01  5.1178E-01
  3.1500E+02  4.9381E-02  4.3465E-01  5.1597E-01
  3.2000E+02  4.8024E-02  4.3222E-01  5.1976E-01
  3.2500E+02  4.6663E-02  4.2969E-01  5.2365E-01
  3.3000E+02  4.5411E-02  4.2708E-01  5.2751E-01
  3.3500E+02  4.4266E-02  4.2457E-01  5.3116E-01
  3.4000E+02  4.3106E-02  4.2221E-01  5.3468E-01
  3.4500E+02  4.1955E-02  4.1975E-01  5.3829E-01
  3.5000E+02  4.0810E-02  4.1755E-01  5.4164E-01
  3.5500E+02  3.9776E-02  4.1510E-01  5.4513E-01
  3.6000E+02  3.8741E-02  4.1250E-01  5.4876E-01
  3.6500E+02  3.7766E-02  4.1087E-01  5.5136E-01
  3.7000E+02  3.6819E-02  4.0825E-01  5.5493E-01
  3.7500E+02  3.5855E-02  4.0553E-01  5.5861E-01
  3.8000E+02  3.4949E-02  4.0349E-01  5.6156E-01
  3.8500E+02  3.4053E-02  4.0112E-01  5.6483E-01
  3.9000E+02  3.3224E-02  3.9880E-01  5.6798E-01
  3.9500E+02  3.2386E-02  3.9632E-01  5.7129E-01
  4.0000E+02  3.1616E-02  3.9452E-01  5.7387E-01
  4.0500E+02  3.0799E-02  3.9188E-01  5.7732E-01
  4.1000E+02  3.0079E-02  3.8970E-01  5.8022E-01
  4.1500E+02  2.9387E-02  3.8747E-01  5.8314E-01
  4.2000E+02  2.8638E-02  3.8587E-01  5.8550E-01
  4.2500E+02  2.7977E-02  3.8343E-01  5.8859E-01
  4.3000E+02  2.7308E-02  3.8117E-01  5.9152E-01
  4.3500E+02  2.6667E-02  3.7932E-01  5.9401E-01
  4.4000E+02  2.6092E-02  3.7705E-01  5.9686E-01
  4.4500E+02  2.5399E-02  3.7519E-01  5.9942E-01
  4.5000E+02  2.4829E-02  3.7313E-01  6.0204E-01
  4.5500E+02  2.4249E-02  3.7097E-01  6.0479E-01
  4.6000E+02  2.3717E-02  3.6885E-01  6.0743E-01
  4.6500E+02  2.3153E-02  3.6683E-01  6.1002E-01
  4.7000E+02  2.2619E-02  3.6493E-01  6.1245E-01
  4.7500E+02  2.2146E-02  3.6298E-01  6.1488E-01
  4.8000E+02  2.1623E-02  3.6091E-01  6.1747E-01
  4.8500E+02  2.1119E-02  3.5923E-01  6.1965E-01
  4.9000E+02  2.0670E-02  3.5720E-01  6.2213E-01
  4.9500E+02  2.0187E-02  3.5541E-01  6.2441E-01
  5.0000E+02  1.9769E-02  3.5342E-01  6.2682E-01

