  1.2500E+00  4.5753E-01  4.5425E-01  8.8219E-02
  1.7500E+00  4.0727E-01  4.8148E-01  1.1125E-01
  2.2500E+00  3.4662E-01  5.0458E-01  1.4879E-01
  2.7500E+00  2.9370E-01  5.1789E-01  1.8841E-01
  3.2500E+00  2.4926E-01  5.2167E-01  2.2907E-01
  3.7500E+00  2.1225E-01  5.2105E-01  2.6670E-01
  4.2500E+00  1.8128E-01  5.1620E-01  3.0251E-01
  4.7500E+00  1.5514E-01  5.0877E-01  3.3609E-01
  5.2500E+00  1.3317E-01  4.9968E-01  3.6715E-01
  5.7500E+00  1.1463E-01  4.8925E-01  3.9612E-01
  6.2500E+00  9.9045E-02  4.7835E-01  4.2261E-01
  6.7500E+00  8.5831E-02  4.6753E-01  4.4663E-01
  7.2500E+00  7.4865E-02  4.5649E-01  4.6865E-01
  7.7500E+00  6.5305E-02  4.4594E-01  4.8875E-01
  8.2500E+00  5.7188E-02  4.3584E-01  5.0697E-01
  8.7500E+00  5.0273E-02  4.2594E-01  5.2378E-01
  9.2500E+00  4.4240E-02  4.1653E-01  5.3923E-01
  9.7500E+00  3.9037E-02  4.0800E-01  5.5296E-01
  1.0250E+01  3.4540E-02  3.9958E-01  5.6588E-01


p+p 62.4 GeV: pt          gg          qg          qq

Calculation for charged hadrons (really close to pions).
