  1.2500E+00  3.0018E-01  5.1607E-01  1.8376E-01
  1.7500E+00  2.1888E-01  5.1709E-01  2.6403E-01
  2.2500E+00  1.5394E-01  5.0308E-01  3.4298E-01
  2.7500E+00  1.1027E-01  4.8569E-01  4.0405E-01
  3.2500E+00  8.0439E-02  4.6998E-01  4.4959E-01
  3.7500E+00  5.9543E-02  4.5790E-01  4.8255E-01
  4.2500E+00  4.4234E-02  4.5115E-01  5.0461E-01
  4.7500E+00  3.3098E-02  4.4832E-01  5.1858E-01
  5.2500E+00  2.4755E-02  4.5014E-01  5.2511E-01
  5.7500E+00  1.8627E-02  4.5517E-01  5.2620E-01
  6.2500E+00  1.4172E-02  4.6364E-01  5.2219E-01
  6.7500E+00  1.1144E-02  4.7408E-01  5.1478E-01
  7.2500E+00  9.3002E-03  4.8662E-01  5.0408E-01



p+p 17.3 GeV: pt          gg          qg          qq

Calculation for charged hadrons (really close to pions).

